 6.045000076293945 0.00956499483436346 1.1071133613586426 -0.31740474700927734 4009 4006
 6.1570000648498535 0.0068621947430074215 1.1066944599151611 -0.32442745566368103 4012 4001
 6.1570000648498535 0.0068621947430074215 1.1066944599151611 -0.32442745566368103 4012 4001
 6.1570000648498535 0.0068621947430074215 1.1066944599151611 -0.32442745566368103 4012 4001
 6.1570000648498535 0.0068621947430074215 1.1066944599151611 -0.32442745566368103 4012 4001
 6.1570000648498535 0.0068621947430074215 1.1066944599151611 -0.32442745566368103 4012 4001
 6.1570000648498535 0.0068621947430074215 1.1066944599151611 -0.32442745566368103 4012 4001
 6.293000221252441 0.007780260406434536 1.1078190803527832 -0.33053138852119446 4007 4002
 6.293000221252441 0.007780260406434536 1.1078190803527832 -0.33053138852119446 4007 4002
 6.293000221252441 0.007780260406434536 1.1078190803527832 -0.33053138852119446 4007 4002
 6.293000221252441 0.007780260406434536 1.1078190803527832 -0.33053138852119446 4007 4002
 6.293000221252441 0.007780260406434536 1.1078190803527832 -0.33053138852119446 4007 4002
 6.293000221252441 0.007780260406434536 1.1078190803527832 -0.33053138852119446 4007 4002
 6.293000221252441 0.007780260406434536 1.1078190803527832 -0.33053138852119446 4004 4002
 6.40500020980835 0.011957273818552494 1.1086070537567139 -0.3371434211730957 4004 4002
 6.40500020980835 0.011957273818552494 1.1086070537567139 -0.3371434211730957 4004 4002
 6.40500020980835 0.011957273818552494 1.1086070537567139 -0.3371434211730957 4004 4002
 6.40500020980835 0.011957273818552494 1.1086070537567139 -0.3371434211730957 4004 4002
 6.40500020980835 0.011957273818552494 1.1086070537567139 -0.3371434211730957 4004 4002
 6.40500020980835 0.011957273818552494 1.1086070537567139 -0.3371434211730957 4005 4002
 6.5229997634887695 0.012320692650973797 1.1083317995071411 -0.34027472138404846 4005 4003
 6.5229997634887695 0.012320692650973797 1.1083317995071411 -0.34027472138404846 4005 4003
 6.5229997634887695 0.012320692650973797 1.1083317995071411 -0.34027472138404846 4005 4003
 6.5229997634887695 0.012320692650973797 1.1083317995071411 -0.34027472138404846 4005 4003
 6.5229997634887695 0.012320692650973797 1.1083317995071411 -0.34027472138404846 4005 4003
 6.5229997634887695 0.012320692650973797 1.1083317995071411 -0.34027472138404846 4005 4003
 6.636000156402588 0.004737624898552895 1.1106183528900146 -0.348921537399292 4005 4005
 6.636000156402588 0.004737624898552895 1.1106183528900146 -0.348921537399292 4005 4005
 6.636000156402588 0.004737624898552895 1.1106183528900146 -0.348921537399292 4005 4005
 6.636000156402588 0.004737624898552895 1.1106183528900146 -0.348921537399292 4005 4005
 6.636000156402588 0.004737624898552895 1.1106183528900146 -0.348921537399292 4005 4005
 6.744999885559082 0.0048501151613891125 1.1103276014328003 -0.357176810503006 4004 4005
 6.744999885559082 0.0048501151613891125 1.1103276014328003 -0.357176810503006 4004 4005
 6.744999885559082 0.0048501151613891125 1.1103276014328003 -0.357176810503006 4004 4005
 6.744999885559082 0.0048501151613891125 1.1103276014328003 -0.357176810503006 4004 4005
 6.744999885559082 0.0048501151613891125 1.1103276014328003 -0.357176810503006 4004 4005
 6.861999988555908 0.004775423090904951 1.1153053045272827 -0.3641130328178406 4002 4006
 6.861999988555908 0.004775423090904951 1.1153053045272827 -0.3641130328178406 4002 4006
 6.861999988555908 0.004775423090904951 1.1153053045272827 -0.3641130328178406 4002 4006
 6.861999988555908 0.004775423090904951 1.1153053045272827 -0.3641130328178406 4002 4006
 6.861999988555908 0.004775423090904951 1.1153053045272827 -0.3641130328178406 4002 4006
 6.861999988555908 0.004775423090904951 1.1153053045272827 -0.3641130328178406 4002 4006
 6.9679999351501465 0.002181998686864972 1.1141756772994995 -0.36991360783576965 4004 4002
 6.9679999351501465 0.002181998686864972 1.1141756772994995 -0.36991360783576965 4004 4002
 6.9679999351501465 0.002181998686864972 1.1141756772994995 -0.36991360783576965 4004 4002
 6.9679999351501465 0.002181998686864972 1.1141756772994995 -0.36991360783576965 4004 4002
 6.9679999351501465 0.002181998686864972 1.1141756772994995 -0.36991360783576965 4004 4002
 7.073999881744385 0.00401658471673727 1.1139748096466064 -0.378015398979187 4006 4009
 7.073999881744385 0.00401658471673727 1.1139748096466064 -0.378015398979187 4006 4009
 7.073999881744385 0.00401658471673727 1.1139748096466064 -0.378015398979187 4006 4009
 7.073999881744385 0.00401658471673727 1.1139748096466064 -0.378015398979187 4006 4009
 7.073999881744385 0.00401658471673727 1.1139748096466064 -0.378015398979187 4006 4009
 7.073999881744385 0.00401658471673727 1.1139748096466064 -0.378015398979187 4003 4009
 7.183000087738037 -0.0014103940920904279 1.1170496940612793 -0.3860660791397095 4003 4004
 7.183000087738037 -0.0014103940920904279 1.1170496940612793 -0.3860660791397095 4003 4004
 7.183000087738037 -0.0014103940920904279 1.1170496940612793 -0.3860660791397095 4003 4004
 7.183000087738037 -0.0014103940920904279 1.1170496940612793 -0.3860660791397095 4003 4004
 7.183000087738037 -0.0014103940920904279 1.1170496940612793 -0.3860660791397095 4003 4004
 7.2870001792907715 0.0026437232736498117 1.1174402236938477 -0.38875600695610046 4006 4004
 7.2870001792907715 0.0026437232736498117 1.1174402236938477 -0.38875600695610046 4006 4004
 7.2870001792907715 0.0026437232736498117 1.1174402236938477 -0.38875600695610046 4006 4004
 7.2870001792907715 0.0026437232736498117 1.1174402236938477 -0.38875600695610046 4006 4004
 7.2870001792907715 0.0026437232736498117 1.1174402236938477 -0.38875600695610046 4006 4004
 7.394999980926514 -0.0004551630117930472 1.1169809103012085 -0.3961692750453949 4000 4005
 7.394999980926514 -0.0004551630117930472 1.1169809103012085 -0.3961692750453949 4000 4005
 7.394999980926514 -0.0004551630117930472 1.1169809103012085 -0.3961692750453949 4000 4005
 7.394999980926514 -0.0004551630117930472 1.1169809103012085 -0.3961692750453949 4000 4005
 7.394999980926514 -0.0004551630117930472 1.1169809103012085 -0.3961692750453949 4000 4005
 7.394999980926514 -0.0004551630117930472 1.1169809103012085 -0.3961692750453949 4000 4005
 7.51800012588501 0.0003931278770323843 1.1191928386688232 -0.39986053109169006 4007 4005
 7.51800012588501 0.0003931278770323843 1.1191928386688232 -0.39986053109169006 4007 4005
 7.51800012588501 0.0003931278770323843 1.1191928386688232 -0.39986053109169006 4007 4005
 7.51800012588501 0.0003931278770323843 1.1191928386688232 -0.39986053109169006 4007 4005
 7.51800012588501 0.0003931278770323843 1.1191928386688232 -0.39986053109169006 4007 4005
 7.51800012588501 0.0003931278770323843 1.1191928386688232 -0.39986053109169006 4007 4005
 7.630000114440918 -0.003129200777038932 1.1198217868804932 -0.40729910135269165 4003 4005
 7.630000114440918 -0.003129200777038932 1.1198217868804932 -0.40729910135269165 4003 4005
 7.630000114440918 -0.003129200777038932 1.1198217868804932 -0.40729910135269165 4003 4005
 7.630000114440918 -0.003129200777038932 1.1198217868804932 -0.40729910135269165 4003 4005
 7.630000114440918 -0.003129200777038932 1.1198217868804932 -0.40729910135269165 4003 4005
 7.630000114440918 -0.003129200777038932 1.1198217868804932 -0.40729910135269165 4002 4005
 7.732999801635742 -0.001603941316716373 1.1203930377960205 -0.4129636287689209 4002 4008
 7.732999801635742 -0.001603941316716373 1.1203930377960205 -0.4129636287689209 4002 4008
 7.732999801635742 -0.001603941316716373 1.1203930377960205 -0.4129636287689209 4002 4008
 7.732999801635742 -0.001603941316716373 1.1203930377960205 -0.4129636287689209 4002 4008
 7.732999801635742 -0.001603941316716373 1.1203930377960205 -0.4129636287689209 4003 4008
 7.839000225067139 -0.002327146241441369 1.1186927556991577 -0.4193936586380005 4003 4003
 7.839000225067139 -0.002327146241441369 1.1186927556991577 -0.4193936586380005 4003 4003
 7.839000225067139 -0.002327146241441369 1.1186927556991577 -0.4193936586380005 4003 4003
 7.839000225067139 -0.002327146241441369 1.1186927556991577 -0.4193936586380005 4003 4003
 7.839000225067139 -0.002327146241441369 1.1186927556991577 -0.4193936586380005 4004 4003
 7.945000171661377 -0.0022651914041489363 1.116275668144226 -0.4254138767719269 4004 4009
 7.945000171661377 -0.0022651914041489363 1.116275668144226 -0.4254138767719269 4004 4009
 7.945000171661377 -0.0022651914041489363 1.116275668144226 -0.4254138767719269 4004 4009
 7.945000171661377 -0.0022651914041489363 1.116275668144226 -0.4254138767719269 4004 4009
 7.945000171661377 -0.0022651914041489363 1.116275668144226 -0.4254138767719269 4004 4009
 8.067999839782715 -0.0028919237665832043 1.1170567274093628 -0.431082159280777 4003 4006
 8.067999839782715 -0.0028919237665832043 1.1170567274093628 -0.431082159280777 4003 4006
 8.067999839782715 -0.0028919237665832043 1.1170567274093628 -0.431082159280777 4003 4006
 8.067999839782715 -0.0028919237665832043 1.1170567274093628 -0.431082159280777 4003 4006
 8.067999839782715 -0.0028919237665832043 1.1170567274093628 -0.431082159280777 4003 4006
 8.067999839782715 -0.0028919237665832043 1.1170567274093628 -0.431082159280777 4003 4006
 8.067999839782715 -0.0028919237665832043 1.1170567274093628 -0.431082159280777 4002 4006
 8.194000244140625 -0.007435548584908247 1.1169382333755493 -0.43810415267944336 4002 4011
 8.194000244140625 -0.007435548584908247 1.1169382333755493 -0.43810415267944336 4002 4011
 8.194000244140625 -0.007435548584908247 1.1169382333755493 -0.43810415267944336 4002 4011
 8.194000244140625 -0.007435548584908247 1.1169382333755493 -0.43810415267944336 4002 4011
 8.194000244140625 -0.007435548584908247 1.1169382333755493 -0.43810415267944336 4002 4011
 8.194000244140625 -0.007435548584908247 1.1169382333755493 -0.43810415267944336 4002 4011
 8.305999755859375 -0.002799232490360737 1.1161527633666992 -0.44738227128982544 4001 4008
 8.305999755859375 -0.002799232490360737 1.1161527633666992 -0.44738227128982544 4001 4008
 8.305999755859375 -0.002799232490360737 1.1161527633666992 -0.44738227128982544 4001 4008
 8.305999755859375 -0.002799232490360737 1.1161527633666992 -0.44738227128982544 4001 4008
 8.305999755859375 -0.002799232490360737 1.1161527633666992 -0.44738227128982544 4001 4008
 8.305999755859375 -0.002799232490360737 1.1161527633666992 -0.44738227128982544 4007 4008
 8.432999610900879 -0.0059270188212394714 1.1198363304138184 -0.4574128985404968 4007 4005
 8.432999610900879 -0.0059270188212394714 1.1198363304138184 -0.4574128985404968 4007 4005
 8.432999610900879 -0.0059270188212394714 1.1198363304138184 -0.4574128985404968 4007 4005
 8.432999610900879 -0.0059270188212394714 1.1198363304138184 -0.4574128985404968 4007 4005
 8.432999610900879 -0.0059270188212394714 1.1198363304138184 -0.4574128985404968 4007 4005
 8.432999610900879 -0.0059270188212394714 1.1198363304138184 -0.4574128985404968 4006 4005
 8.545000076293945 -0.0032359508331865072 1.1185801029205322 -0.46481019258499146 4006 4005
 8.545000076293945 -0.0032359508331865072 1.1185801029205322 -0.46481019258499146 4006 4005
 8.545000076293945 -0.0032359508331865072 1.1185801029205322 -0.46481019258499146 4006 4005
 8.545000076293945 -0.0032359508331865072 1.1185801029205322 -0.46481019258499146 4006 4005
 8.545000076293945 -0.0032359508331865072 1.1185801029205322 -0.46481019258499146 4006 4005
 8.545000076293945 -0.0032359508331865072 1.1185801029205322 -0.46481019258499146 4003 4005
 8.651000022888184 -0.004718716721981764 1.119757890701294 -0.4700554609298706 4003 4004
 8.651000022888184 -0.004718716721981764 1.119757890701294 -0.4700554609298706 4003 4004
 8.651000022888184 -0.004718716721981764 1.119757890701294 -0.4700554609298706 4003 4004
 8.651000022888184 -0.004718716721981764 1.119757890701294 -0.4700554609298706 4003 4004
 8.651000022888184 -0.004718716721981764 1.119757890701294 -0.4700554609298706 4004 4004
 8.758000373840332 -0.005169359501451254 1.123199462890625 -0.474996954202652 4004 4004
 8.758000373840332 -0.005169359501451254 1.123199462890625 -0.474996954202652 4004 4004
 8.758000373840332 -0.005169359501451254 1.123199462890625 -0.474996954202652 4004 4004
 8.758000373840332 -0.005169359501451254 1.123199462890625 -0.474996954202652 4004 4004
 8.758000373840332 -0.005169359501451254 1.123199462890625 -0.474996954202652 4004 4004
 8.86400032043457 -0.0054275039583444595 1.1262879371643066 -0.4801725745201111 4006 4006
 8.86400032043457 -0.0054275039583444595 1.1262879371643066 -0.4801725745201111 4006 4006
 8.86400032043457 -0.0054275039583444595 1.1262879371643066 -0.4801725745201111 4006 4006
 8.86400032043457 -0.0054275039583444595 1.1262879371643066 -0.4801725745201111 4006 4006
 8.86400032043457 -0.0054275039583444595 1.1262879371643066 -0.4801725745201111 4006 4006
 8.970999717712402 -0.011029744520783424 1.1224157810211182 -0.4859273433685303 4002 4003
 8.970999717712402 -0.011029744520783424 1.1224157810211182 -0.4859273433685303 4002 4003
 8.970999717712402 -0.011029744520783424 1.1224157810211182 -0.4859273433685303 4002 4003
 8.970999717712402 -0.011029744520783424 1.1224157810211182 -0.4859273433685303 4002 4003
 8.970999717712402 -0.011029744520783424 1.1224157810211182 -0.4859273433685303 4002 4003
 8.970999717712402 -0.011029744520783424 1.1224157810211182 -0.4859273433685303 3997 4003
 9.083999633789062 -0.01053521316498518 1.1195406913757324 -0.4921110272407532 3997 4006
 9.083999633789062 -0.01053521316498518 1.1195406913757324 -0.4921110272407532 3997 4006
 9.083999633789062 -0.01053521316498518 1.1195406913757324 -0.4921110272407532 3997 4006
 9.083999633789062 -0.01053521316498518 1.1195406913757324 -0.4921110272407532 3997 4006
 9.083999633789062 -0.01053521316498518 1.1195406913757324 -0.4921110272407532 3997 4006
 9.192999839782715 -0.004776280838996172 1.119165062904358 -0.49735698103904724 3999 4005
 9.192999839782715 -0.004776280838996172 1.119165062904358 -0.49735698103904724 3999 4005
 9.192999839782715 -0.004776280838996172 1.119165062904358 -0.49735698103904724 3999 4005
 9.192999839782715 -0.004776280838996172 1.119165062904358 -0.49735698103904724 3999 4005
 9.192999839782715 -0.004776280838996172 1.119165062904358 -0.49735698103904724 3999 4005
 9.192999839782715 -0.004776280838996172 1.119165062904358 -0.49735698103904724 3999 4005
 9.312999725341797 -0.008512089028954506 1.1189931631088257 -0.5079327821731567 4004 4007
 9.312999725341797 -0.008512089028954506 1.1189931631088257 -0.5079327821731567 4004 4007
 9.312999725341797 -0.008512089028954506 1.1189931631088257 -0.5079327821731567 4004 4007
 9.312999725341797 -0.008512089028954506 1.1189931631088257 -0.5079327821731567 4004 4007
 9.312999725341797 -0.008512089028954506 1.1189931631088257 -0.5079327821731567 4004 4007
 9.312999725341797 -0.008512089028954506 1.1189931631088257 -0.5079327821731567 4000 4007
 9.420000076293945 -0.004921735730022192 1.114096999168396 -0.5150749087333679 4000 4003
 9.420000076293945 -0.004921735730022192 1.114096999168396 -0.5150749087333679 4000 4003
 9.420000076293945 -0.004921735730022192 1.114096999168396 -0.5150749087333679 4000 4003
 9.420000076293945 -0.004921735730022192 1.114096999168396 -0.5150749087333679 4000 4003
 9.420000076293945 -0.004921735730022192 1.114096999168396 -0.5150749087333679 4000 4003
 9.527000427246094 -0.006659305654466152 1.1161839962005615 -0.5215981006622314 4004 4003
 9.527000427246094 -0.006659305654466152 1.1161839962005615 -0.5215981006622314 4004 4003
 9.527000427246094 -0.006659305654466152 1.1161839962005615 -0.5215981006622314 4004 4003
 9.527000427246094 -0.006659305654466152 1.1161839962005615 -0.5215981006622314 4004 4003
 9.527000427246094 -0.006659305654466152 1.1161839962005615 -0.5215981006622314 4004 4003
 9.527000427246094 -0.006659305654466152 1.1161839962005615 -0.5215981006622314 4009 4003
 9.633000373840332 -0.008337401784956455 1.115749478340149 -0.5283234715461731 4009 4002
 9.633000373840332 -0.008337401784956455 1.115749478340149 -0.5283234715461731 4009 4002
 9.633000373840332 -0.008337401784956455 1.115749478340149 -0.5283234715461731 4009 4002
 9.633000373840332 -0.008337401784956455 1.115749478340149 -0.5283234715461731 4009 4002
 9.633000373840332 -0.008337401784956455 1.115749478340149 -0.5283234715461731 4000 4002
 9.739999771118164 -0.012770024128258228 1.116013526916504 -0.5347076654434204 4000 4007
 9.739999771118164 -0.012770024128258228 1.116013526916504 -0.5347076654434204 4000 4007
 9.739999771118164 -0.012770024128258228 1.116013526916504 -0.5347076654434204 4000 4007
 9.739999771118164 -0.012770024128258228 1.116013526916504 -0.5347076654434204 4000 4007
 9.739999771118164 -0.012770024128258228 1.116013526916504 -0.5347076654434204 4000 4007
 9.852999687194824 -0.01243135891854763 1.1139512062072754 -0.5404965281486511 4005 4009
 9.852999687194824 -0.01243135891854763 1.1139512062072754 -0.5404965281486511 4005 4009
 9.852999687194824 -0.01243135891854763 1.1139512062072754 -0.5404965281486511 4005 4009
 9.852999687194824 -0.01243135891854763 1.1139512062072754 -0.5404965281486511 4005 4009
 9.852999687194824 -0.01243135891854763 1.1139512062072754 -0.5404965281486511 4005 4009
 9.852999687194824 -0.01243135891854763 1.1139512062072754 -0.5404965281486511 4005 4009
 9.965999603271484 -0.015771744772791862 1.113468050956726 -0.5480120182037354 4009 4012
 9.965999603271484 -0.015771744772791862 1.113468050956726 -0.5480120182037354 4009 4012
 9.965999603271484 -0.015771744772791862 1.113468050956726 -0.5480120182037354 4009 4012
 9.965999603271484 -0.015771744772791862 1.113468050956726 -0.5480120182037354 4009 4012
 9.965999603271484 -0.015771744772791862 1.113468050956726 -0.5480120182037354 4009 4012
 10.069999694824219 -0.013245837762951851 1.111714243888855 -0.5549823045730591 4000 4009
 10.069999694824219 -0.013245837762951851 1.111714243888855 -0.5549823045730591 4000 4009
 10.069999694824219 -0.013245837762951851 1.111714243888855 -0.5549823045730591 4000 4009
 10.069999694824219 -0.013245837762951851 1.111714243888855 -0.5549823045730591 4000 4009
 10.069999694824219 -0.013245837762951851 1.111714243888855 -0.5549823045730591 4000 4009
 10.069999694824219 -0.013245837762951851 1.111714243888855 -0.5549823045730591 4009 4009
 10.178000450134277 -0.011168950237333775 1.1113308668136597 -0.5607954859733582 4009 4007
 10.178000450134277 -0.011168950237333775 1.1113308668136597 -0.5607954859733582 4009 4007
 10.178000450134277 -0.011168950237333775 1.1113308668136597 -0.5607954859733582 4009 4007
 10.178000450134277 -0.011168950237333775 1.1113308668136597 -0.5607954859733582 4009 4007
 10.178000450134277 -0.011168950237333775 1.1113308668136597 -0.5607954859733582 4009 4007
 10.282999992370605 -0.012253682129085064 1.112921118736267 -0.5653983950614929 4009 3999
 10.282999992370605 -0.012253682129085064 1.112921118736267 -0.5653983950614929 4009 3999
 10.282999992370605 -0.012253682129085064 1.112921118736267 -0.5653983950614929 4009 3999
 10.282999992370605 -0.012253682129085064 1.112921118736267 -0.5653983950614929 4009 3999
 10.282999992370605 -0.012253682129085064 1.112921118736267 -0.5653983950614929 4009 3999
 10.390000343322754 -0.01589551940560341 1.1200364828109741 -0.5707175135612488 4004 4005
 10.390000343322754 -0.01589551940560341 1.1200364828109741 -0.5707175135612488 4004 4005
 10.390000343322754 -0.01589551940560341 1.1200364828109741 -0.5707175135612488 4004 4005
 10.390000343322754 -0.01589551940560341 1.1200364828109741 -0.5707175135612488 4004 4005
 10.390000343322754 -0.01589551940560341 1.1200364828109741 -0.5707175135612488 4004 4005
 10.390000343322754 -0.01589551940560341 1.1200364828109741 -0.5707175135612488 4005 4005
 10.494000434875488 -0.012376585975289345 1.1215639114379883 -0.574023425579071 4005 4007
 10.494000434875488 -0.012376585975289345 1.1215639114379883 -0.574023425579071 4005 4007
 10.494000434875488 -0.012376585975289345 1.1215639114379883 -0.574023425579071 4005 4007
 10.494000434875488 -0.012376585975289345 1.1215639114379883 -0.574023425579071 4005 4007
 10.494000434875488 -0.012376585975289345 1.1215639114379883 -0.574023425579071 4003 4007
 10.616000175476074 -0.00853671133518219 1.1195634603500366 -0.577447772026062 4003 4006
 10.616000175476074 -0.00853671133518219 1.1195634603500366 -0.577447772026062 4003 4006
 10.616000175476074 -0.00853671133518219 1.1195634603500366 -0.577447772026062 4003 4006
 10.616000175476074 -0.00853671133518219 1.1195634603500366 -0.577447772026062 4003 4006
 10.616000175476074 -0.00853671133518219 1.1195634603500366 -0.577447772026062 4003 4006
 10.616000175476074 -0.00853671133518219 1.1195634603500366 -0.577447772026062 4003 4006
 10.741999626159668 -0.013037232682108879 1.1189802885055542 -0.5841866135597229 4004 4004
 10.741999626159668 -0.013037232682108879 1.1189802885055542 -0.5841866135597229 4004 4004
 10.741999626159668 -0.013037232682108879 1.1189802885055542 -0.5841866135597229 4004 4004
 10.741999626159668 -0.013037232682108879 1.1189802885055542 -0.5841866135597229 4004 4004
 10.741999626159668 -0.013037232682108879 1.1189802885055542 -0.5841866135597229 4004 4004
 10.741999626159668 -0.013037232682108879 1.1189802885055542 -0.5841866135597229 4004 4004
 10.854000091552734 -0.011291412636637688 1.1274231672286987 -0.5947126150131226 4004 4005
 10.854000091552734 -0.011291412636637688 1.1274231672286987 -0.5947126150131226 4004 4005
 10.854000091552734 -0.011291412636637688 1.1274231672286987 -0.5947126150131226 4004 4005
 10.854000091552734 -0.011291412636637688 1.1274231672286987 -0.5947126150131226 4004 4005
 10.854000091552734 -0.011291412636637688 1.1274231672286987 -0.5947126150131226 4004 4005
 10.854000091552734 -0.011291412636637688 1.1274231672286987 -0.5947126150131226 4004 4005
 10.960000038146973 -0.004397980868816376 1.1219768524169922 -0.6004138588905334 4002 4006
 10.960000038146973 -0.004397980868816376 1.1219768524169922 -0.6004138588905334 4002 4006
 10.960000038146973 -0.004397980868816376 1.1219768524169922 -0.6004138588905334 4002 4006
 10.960000038146973 -0.004397980868816376 1.1219768524169922 -0.6004138588905334 4002 4006
 10.960000038146973 -0.004397980868816376 1.1219768524169922 -0.6004138588905334 4002 4006
 11.067000389099121 -0.0075653004460036755 1.1258389949798584 -0.6052232980728149 4003 4011
 11.067000389099121 -0.0075653004460036755 1.1258389949798584 -0.6052232980728149 4003 4011
 11.067000389099121 -0.0075653004460036755 1.1258389949798584 -0.6052232980728149 4003 4011
 11.067000389099121 -0.0075653004460036755 1.1258389949798584 -0.6052232980728149 4003 4011
 11.067000389099121 -0.0075653004460036755 1.1258389949798584 -0.6052232980728149 4003 4011
 11.180000305175781 -0.006094656884670258 1.125119924545288 -0.6106835603713989 3999 4005
 11.180000305175781 -0.006094656884670258 1.125119924545288 -0.6106835603713989 3999 4005
 11.180000305175781 -0.006094656884670258 1.125119924545288 -0.6106835603713989 3999 4005
 11.180000305175781 -0.006094656884670258 1.125119924545288 -0.6106835603713989 3999 4005
 11.180000305175781 -0.006094656884670258 1.125119924545288 -0.6106835603713989 3999 4005
 11.180000305175781 -0.006094656884670258 1.125119924545288 -0.6106835603713989 3999 4005
 11.29800033569336 -0.009634210728108883 1.1271432638168335 -0.6163009405136108 4006 4007
 11.29800033569336 -0.009634210728108883 1.1271432638168335 -0.6163009405136108 4006 4007
 11.29800033569336 -0.009634210728108883 1.1271432638168335 -0.6163009405136108 4006 4007
 11.29800033569336 -0.009634210728108883 1.1271432638168335 -0.6163009405136108 4006 4007
 11.29800033569336 -0.009634210728108883 1.1271432638168335 -0.6163009405136108 4006 4007
 11.29800033569336 -0.009634210728108883 1.1271432638168335 -0.6163009405136108 4006 4007
 11.434000015258789 -0.010330907069146633 1.1293082237243652 -0.6241223216056824 4002 4006
 11.434000015258789 -0.010330907069146633 1.1293082237243652 -0.6241223216056824 4002 4006
 11.434000015258789 -0.010330907069146633 1.1293082237243652 -0.6241223216056824 4002 4006
 11.434000015258789 -0.010330907069146633 1.1293082237243652 -0.6241223216056824 4002 4006
 11.434000015258789 -0.010330907069146633 1.1293082237243652 -0.6241223216056824 4002 4006
 11.434000015258789 -0.010330907069146633 1.1293082237243652 -0.6241223216056824 4002 4006
 11.434000015258789 -0.010330907069146633 1.1293082237243652 -0.6241223216056824 4002 4006
 11.5600004196167 -0.009326566942036152 1.1290717124938965 -0.6275621652603149 4002 4005
 11.5600004196167 -0.009326566942036152 1.1290717124938965 -0.6275621652603149 4002 4005
 11.5600004196167 -0.009326566942036152 1.1290717124938965 -0.6275621652603149 4002 4005
 11.5600004196167 -0.009326566942036152 1.1290717124938965 -0.6275621652603149 4002 4005
 11.5600004196167 -0.009326566942036152 1.1290717124938965 -0.6275621652603149 4002 4005
 11.5600004196167 -0.009326566942036152 1.1290717124938965 -0.6275621652603149 4002 4005
 11.67199993133545 -0.011888849548995495 1.1244271993637085 -0.6405394673347473 4006 4004
 11.67199993133545 -0.011888849548995495 1.1244271993637085 -0.6405394673347473 4006 4004
 11.67199993133545 -0.011888849548995495 1.1244271993637085 -0.6405394673347473 4006 4004
 11.67199993133545 -0.011888849548995495 1.1244271993637085 -0.6405394673347473 4006 4004
 11.67199993133545 -0.011888849548995495 1.1244271993637085 -0.6405394673347473 4006 4004
 11.67199993133545 -0.011888849548995495 1.1244271993637085 -0.6405394673347473 4000 4004
 11.788999557495117 -0.012002091854810715 1.1210834980010986 -0.6486901044845581 4000 4004
 11.788999557495117 -0.012002091854810715 1.1210834980010986 -0.6486901044845581 4000 4004
 11.788999557495117 -0.012002091854810715 1.1210834980010986 -0.6486901044845581 4000 4004
 11.788999557495117 -0.012002091854810715 1.1210834980010986 -0.6486901044845581 4000 4004
 11.788999557495117 -0.012002091854810715 1.1210834980010986 -0.6486901044845581 4000 4004
 11.788999557495117 -0.012002091854810715 1.1210834980010986 -0.6486901044845581 4002 4004
 11.895000457763672 -0.010967644862830639 1.121360182762146 -0.6535624265670776 4002 4002
 11.895000457763672 -0.010967644862830639 1.121360182762146 -0.6535624265670776 4002 4002
 11.895000457763672 -0.010967644862830639 1.121360182762146 -0.6535624265670776 4002 4002
 11.895000457763672 -0.010967644862830639 1.121360182762146 -0.6535624265670776 4002 4002
 11.895000457763672 -0.010967644862830639 1.121360182762146 -0.6535624265670776 3999 4002
 12.001999855041504 -0.013527235016226768 1.1192673444747925 -0.6606797575950623 3999 4008
 12.001999855041504 -0.013527235016226768 1.1192673444747925 -0.6606797575950623 3999 4008
 12.001999855041504 -0.013527235016226768 1.1192673444747925 -0.6606797575950623 3999 4008
 12.001999855041504 -0.013527235016226768 1.1192673444747925 -0.6606797575950623 3999 4008
 12.001999855041504 -0.013527235016226768 1.1192673444747925 -0.6606797575950623 3999 4008
 12.125 -0.011098782531917095 1.12067711353302 -0.6652960181236267 4003 4002
 12.125 -0.011098782531917095 1.12067711353302 -0.6652960181236267 4003 4002
 12.125 -0.011098782531917095 1.12067711353302 -0.6652960181236267 4003 4002
 12.125 -0.011098782531917095 1.12067711353302 -0.6652960181236267 4003 4002
 12.125 -0.011098782531917095 1.12067711353302 -0.6652960181236267 4003 4002
 12.125 -0.011098782531917095 1.12067711353302 -0.6652960181236267 4003 4002
 12.125 -0.011098782531917095 1.12067711353302 -0.6652960181236267 4004 4002
 12.237000465393066 -0.012987415306270123 1.1244748830795288 -0.6758113503456116 4004 4011
 12.237000465393066 -0.012987415306270123 1.1244748830795288 -0.6758113503456116 4004 4011
 12.237000465393066 -0.012987415306270123 1.1244748830795288 -0.6758113503456116 4004 4011
 12.237000465393066 -0.012987415306270123 1.1244748830795288 -0.6758113503456116 4004 4011
 12.237000465393066 -0.012987415306270123 1.1244748830795288 -0.6758113503456116 4004 4011
 12.342000007629395 -0.011669435538351536 1.1276822090148926 -0.6819047331809998 4000 4006
 12.342000007629395 -0.011669435538351536 1.1276822090148926 -0.6819047331809998 4000 4006
 12.342000007629395 -0.011669435538351536 1.1276822090148926 -0.6819047331809998 4000 4006
 12.342000007629395 -0.011669435538351536 1.1276822090148926 -0.6819047331809998 4000 4006
 12.342000007629395 -0.011669435538351536 1.1276822090148926 -0.6819047331809998 4000 4006
 12.447999954223633 -0.012007826939225197 1.131035327911377 -0.68760746717453 4004 4009
 12.447999954223633 -0.012007826939225197 1.131035327911377 -0.68760746717453 4004 4009
 12.447999954223633 -0.012007826939225197 1.131035327911377 -0.68760746717453 4004 4009
 12.447999954223633 -0.012007826939225197 1.131035327911377 -0.68760746717453 4004 4009
 12.447999954223633 -0.012007826939225197 1.131035327911377 -0.68760746717453 4004 4009
 12.447999954223633 -0.012007826939225197 1.131035327911377 -0.68760746717453 4007 4009
 12.571000099182129 -0.0111466059461236 1.134326696395874 -0.6954712867736816 4007 4007
 12.571000099182129 -0.0111466059461236 1.134326696395874 -0.6954712867736816 4007 4007
 12.571000099182129 -0.0111466059461236 1.134326696395874 -0.6954712867736816 4007 4007
 12.571000099182129 -0.0111466059461236 1.134326696395874 -0.6954712867736816 4007 4007
 12.571000099182129 -0.0111466059461236 1.134326696395874 -0.6954712867736816 4007 4007
 12.571000099182129 -0.0111466059461236 1.134326696395874 -0.6954712867736816 4002 4007
 12.689000129699707 -0.007760587148368359 1.1366454362869263 -0.6999484300613403 4002 4010
 12.689000129699707 -0.007760587148368359 1.1366454362869263 -0.6999484300613403 4002 4010
 12.689000129699707 -0.007760587148368359 1.1366454362869263 -0.6999484300613403 4002 4010
 12.689000129699707 -0.007760587148368359 1.1366454362869263 -0.6999484300613403 4002 4010
 12.689000129699707 -0.007760587148368359 1.1366454362869263 -0.6999484300613403 4002 4010
 12.689000129699707 -0.007760587148368359 1.1366454362869263 -0.6999484300613403 4008 4010
 12.8149995803833 -0.010546056553721428 1.1341023445129395 -0.7081573009490967 4008 4006
 12.8149995803833 -0.010546056553721428 1.1341023445129395 -0.7081573009490967 4008 4006
 12.8149995803833 -0.010546056553721428 1.1341023445129395 -0.7081573009490967 4008 4006
 12.8149995803833 -0.010546056553721428 1.1341023445129395 -0.7081573009490967 4008 4006
 12.8149995803833 -0.010546056553721428 1.1341023445129395 -0.7081573009490967 4008 4006
 12.8149995803833 -0.010546056553721428 1.1341023445129395 -0.7081573009490967 4008 4006
 12.927000045776367 -0.006647875532507896 1.134749174118042 -0.715930163860321 4006 4007
 12.927000045776367 -0.006647875532507896 1.134749174118042 -0.715930163860321 4006 4007
 12.927000045776367 -0.006647875532507896 1.134749174118042 -0.715930163860321 4006 4007
 12.927000045776367 -0.006647875532507896 1.134749174118042 -0.715930163860321 4006 4007
 12.927000045776367 -0.006647875532507896 1.134749174118042 -0.715930163860321 4006 4007
 12.927000045776367 -0.006647875532507896 1.134749174118042 -0.715930163860321 4001 4007
 13.045000076293945 -0.008567211218178272 1.1348235607147217 -0.721875011920929 4001 4005
 13.045000076293945 -0.008567211218178272 1.1348235607147217 -0.721875011920929 4001 4005
 13.045000076293945 -0.008567211218178272 1.1348235607147217 -0.721875011920929 4001 4005
 13.045000076293945 -0.008567211218178272 1.1348235607147217 -0.721875011920929 4001 4005
 13.045000076293945 -0.008567211218178272 1.1348235607147217 -0.721875011920929 4001 4005
