 20.290000915527344 2.5223372357846707e-44 2.6624670822171524e-44 2.382207389352189e-44 4008 4010
 20.309999465942383 2.5223372357846707e-44 2.6624670822171524e-44 2.382207389352189e-44 4008 4010
 20.329999923706055 2.5223372357846707e-44 2.6624670822171524e-44 2.382207389352189e-44 4008 4010
 20.350000381469727 2.5223372357846707e-44 2.6624670822171524e-44 2.382207389352189e-44 4008 4010
 20.350000381469727 2.5223372357846707e-44 2.6624670822171524e-44 2.382207389352189e-44 4008 4010
 20.389999389648438 2.5223372357846707e-44 2.6624670822171524e-44 2.382207389352189e-44 4005 4005
 20.40999984741211 2.5223372357846707e-44 2.6624670822171524e-44 2.382207389352189e-44 4005 4005
 20.43000030517578 2.5223372357846707e-44 2.6624670822171524e-44 2.382207389352189e-44 4005 4005
 20.450000762939453 2.5223372357846707e-44 2.6624670822171524e-44 2.382207389352189e-44 4005 4005
 20.459999084472656 2.5223372357846707e-44 2.6624670822171524e-44 2.382207389352189e-44 4005 4005
 20.459999084472656 2.5223372357846707e-44 2.6624670822171524e-44 2.382207389352189e-44 4005 4005
 20.510000228881836 2.5223372357846707e-44 2.6624670822171524e-44 2.382207389352189e-44 4005 4003
 20.530000686645508 2.5223372357846707e-44 2.6624670822171524e-44 2.382207389352189e-44 4005 4003
 20.549999237060547 2.5223372357846707e-44 2.6624670822171524e-44 2.382207389352189e-44 4005 4003
 20.56999969482422 2.5223372357846707e-44 2.6624670822171524e-44 2.382207389352189e-44 4005 4003
 20.56999969482422 2.5223372357846707e-44 2.6624670822171524e-44 2.382207389352189e-44 4005 4003
 20.610000610351562 2.5223372357846707e-44 2.6624670822171524e-44 2.382207389352189e-44 4006 4006
 20.6299991607666 2.5223372357846707e-44 2.6624670822171524e-44 2.382207389352189e-44 4006 4006
 20.649999618530273 2.5223372357846707e-44 2.6624670822171524e-44 2.382207389352189e-44 4006 4006
 20.670000076293945 2.5223372357846707e-44 2.6624670822171524e-44 2.382207389352189e-44 4006 4006
 20.68000030517578 2.5223372357846707e-44 2.6624670822171524e-44 2.382207389352189e-44 4006 4006
 20.68000030517578 2.5223372357846707e-44 2.6624670822171524e-44 2.382207389352189e-44 4002 4006
 20.729999542236328 2.5223372357846707e-44 2.6624670822171524e-44 2.382207389352189e-44 4002 4002
 20.75 2.5223372357846707e-44 2.6624670822171524e-44 2.382207389352189e-44 4002 4002
 20.770000457763672 2.5223372357846707e-44 2.6624670822171524e-44 2.382207389352189e-44 4002 4002
 20.790000915527344 2.5223372357846707e-44 2.6624670822171524e-44 2.382207389352189e-44 4002 4002
 20.790000915527344 2.5223372357846707e-44 2.6624670822171524e-44 2.382207389352189e-44 4002 4002
 20.829999923706055 2.5223372357846707e-44 2.6624670822171524e-44 2.382207389352189e-44 4006 4006
 20.850000381469727 2.5223372357846707e-44 2.6624670822171524e-44 2.382207389352189e-44 4006 4006
 20.8700008392334 2.5223372357846707e-44 2.6624670822171524e-44 2.382207389352189e-44 4006 4006
 20.889999389648438 2.5223372357846707e-44 2.6624670822171524e-44 2.382207389352189e-44 4006 4006
 20.899999618530273 2.5223372357846707e-44 2.6624670822171524e-44 2.382207389352189e-44 4006 4006
 20.899999618530273 2.5223372357846707e-44 2.6624670822171524e-44 2.382207389352189e-44 4003 4006
 20.950000762939453 2.5223372357846707e-44 2.6624670822171524e-44 2.382207389352189e-44 4003 4007
 20.969999313354492 2.5223372357846707e-44 2.6624670822171524e-44 2.382207389352189e-44 4003 4007
 20.989999771118164 2.5223372357846707e-44 2.6624670822171524e-44 2.382207389352189e-44 4003 4007
 21.010000228881836 2.5223372357846707e-44 2.6624670822171524e-44 2.382207389352189e-44 4003 4007
 21.010000228881836 2.5223372357846707e-44 2.6624670822171524e-44 2.382207389352189e-44 4003 4007
 21.049999237060547 2.5223372357846707e-44 2.6624670822171524e-44 2.382207389352189e-44 4007 4004
 21.06999969482422 2.5223372357846707e-44 2.6624670822171524e-44 2.382207389352189e-44 4007 4004
 21.09000015258789 2.5223372357846707e-44 2.6624670822171524e-44 2.382207389352189e-44 4007 4004
 21.110000610351562 2.5223372357846707e-44 2.6624670822171524e-44 2.382207389352189e-44 4007 4004
 21.1200008392334 2.5223372357846707e-44 2.6624670822171524e-44 2.382207389352189e-44 4007 4004
 21.1200008392334 2.5223372357846707e-44 2.6624670822171524e-44 2.382207389352189e-44 4003 4004
 21.170000076293945 2.5223372357846707e-44 2.6624670822171524e-44 2.382207389352189e-44 4003 4003
 21.190000534057617 2.5223372357846707e-44 2.6624670822171524e-44 2.382207389352189e-44 4003 4003
 21.209999084472656 2.5223372357846707e-44 2.6624670822171524e-44 2.382207389352189e-44 4003 4003
 21.229999542236328 2.5223372357846707e-44 2.6624670822171524e-44 2.382207389352189e-44 4003 4003
 21.229999542236328 2.5223372357846707e-44 2.6624670822171524e-44 2.382207389352189e-44 4003 4003
 21.270000457763672 2.5223372357846707e-44 2.6624670822171524e-44 2.382207389352189e-44 4005 4005
 21.290000915527344 2.5223372357846707e-44 2.6624670822171524e-44 2.382207389352189e-44 4005 4005
 21.309999465942383 2.5223372357846707e-44 2.6624670822171524e-44 2.382207389352189e-44 4005 4005
 21.329999923706055 2.5223372357846707e-44 2.6624670822171524e-44 2.382207389352189e-44 4005 4005
 21.34000015258789 2.5223372357846707e-44 2.6624670822171524e-44 2.382207389352189e-44 4005 4005
 21.34000015258789 2.5223372357846707e-44 2.6624670822171524e-44 2.382207389352189e-44 4009 4005
 21.389999389648438 2.5223372357846707e-44 2.6624670822171524e-44 2.382207389352189e-44 4009 4004
 21.40999984741211 2.5223372357846707e-44 2.6624670822171524e-44 2.382207389352189e-44 4009 4004
 21.43000030517578 2.5223372357846707e-44 2.6624670822171524e-44 2.382207389352189e-44 4009 4004
 21.450000762939453 2.5223372357846707e-44 2.6624670822171524e-44 2.382207389352189e-44 4009 4004
 21.450000762939453 2.5223372357846707e-44 2.6624670822171524e-44 2.382207389352189e-44 4009 4004
 21.489999771118164 2.5223372357846707e-44 2.6624670822171524e-44 2.382207389352189e-44 4002 4006
 21.510000228881836 2.5223372357846707e-44 2.6624670822171524e-44 2.382207389352189e-44 4002 4006
 21.530000686645508 2.5223372357846707e-44 2.6624670822171524e-44 2.382207389352189e-44 4002 4006
 21.549999237060547 2.5223372357846707e-44 2.6624670822171524e-44 2.382207389352189e-44 4002 4006
 21.559999465942383 2.5223372357846707e-44 2.6624670822171524e-44 2.382207389352189e-44 4002 4006
 21.559999465942383 2.5223372357846707e-44 2.6624670822171524e-44 2.382207389352189e-44 4009 4006
 21.610000610351562 2.5223372357846707e-44 2.6624670822171524e-44 2.382207389352189e-44 4009 4004
 21.6299991607666 2.5223372357846707e-44 2.6624670822171524e-44 2.382207389352189e-44 4009 4004
 21.649999618530273 2.5223372357846707e-44 2.6624670822171524e-44 2.382207389352189e-44 4009 4004
 21.670000076293945 2.5223372357846707e-44 2.6624670822171524e-44 2.382207389352189e-44 4009 4004
 21.670000076293945 2.5223372357846707e-44 2.6624670822171524e-44 2.382207389352189e-44 4009 4004
 21.709999084472656 2.5223372357846707e-44 2.6624670822171524e-44 2.382207389352189e-44 4008 4005
 21.729999542236328 2.5223372357846707e-44 2.6624670822171524e-44 2.382207389352189e-44 4008 4005
 21.75 2.5223372357846707e-44 2.6624670822171524e-44 2.382207389352189e-44 4008 4005
 21.770000457763672 2.5223372357846707e-44 2.6624670822171524e-44 2.382207389352189e-44 4008 4005
 21.780000686645508 2.5223372357846707e-44 2.6624670822171524e-44 2.382207389352189e-44 4008 4005
 21.780000686645508 2.5223372357846707e-44 2.6624670822171524e-44 2.382207389352189e-44 3999 4005
 21.829999923706055 2.5223372357846707e-44 2.6624670822171524e-44 2.382207389352189e-44 3999 4004
 21.850000381469727 2.5223372357846707e-44 2.6624670822171524e-44 2.382207389352189e-44 3999 4004
 21.8700008392334 2.5223372357846707e-44 2.6624670822171524e-44 2.382207389352189e-44 3999 4004
 21.889999389648438 2.5223372357846707e-44 2.6624670822171524e-44 2.382207389352189e-44 3999 4004
 21.889999389648438 2.5223372357846707e-44 2.6624670822171524e-44 2.382207389352189e-44 3999 4004
 21.93000030517578 2.5223372357846707e-44 2.6624670822171524e-44 2.382207389352189e-44 4005 4006
 21.950000762939453 2.5223372357846707e-44 2.6624670822171524e-44 2.382207389352189e-44 4005 4006
 21.969999313354492 2.5223372357846707e-44 2.6624670822171524e-44 2.382207389352189e-44 4005 4006
 21.989999771118164 2.5223372357846707e-44 2.6624670822171524e-44 2.382207389352189e-44 4005 4006
 22.0 2.5223372357846707e-44 2.6624670822171524e-44 2.382207389352189e-44 4005 4006
 22.0 2.5223372357846707e-44 2.6624670822171524e-44 2.382207389352189e-44 4005 4006
 22.049999237060547 2.5223372357846707e-44 2.6624670822171524e-44 2.382207389352189e-44 4005 4007
 22.06999969482422 2.5223372357846707e-44 2.6624670822171524e-44 2.382207389352189e-44 4005 4007
 22.09000015258789 2.5223372357846707e-44 2.6624670822171524e-44 2.382207389352189e-44 4005 4007
 22.110000610351562 2.5223372357846707e-44 2.6624670822171524e-44 2.382207389352189e-44 4005 4007
 22.110000610351562 2.5223372357846707e-44 2.6624670822171524e-44 2.382207389352189e-44 4005 4007
 22.149999618530273 2.5223372357846707e-44 2.6624670822171524e-44 2.382207389352189e-44 4007 4004
 22.170000076293945 2.5223372357846707e-44 2.6624670822171524e-44 2.382207389352189e-44 4007 4004
 22.190000534057617 2.5223372357846707e-44 2.6624670822171524e-44 2.382207389352189e-44 4007 4004
 22.209999084472656 2.5223372357846707e-44 2.6624670822171524e-44 2.382207389352189e-44 4007 4004
 22.219999313354492 2.5223372357846707e-44 2.6624670822171524e-44 2.382207389352189e-44 4007 4004
 22.219999313354492 2.5223372357846707e-44 2.6624670822171524e-44 2.382207389352189e-44 4005 4004
 22.270000457763672 2.5223372357846707e-44 2.6624670822171524e-44 2.382207389352189e-44 4005 4004
 22.290000915527344 2.5223372357846707e-44 2.6624670822171524e-44 2.382207389352189e-44 4005 4004
 22.309999465942383 2.5223372357846707e-44 2.6624670822171524e-44 2.382207389352189e-44 4005 4004
 22.329999923706055 2.5223372357846707e-44 2.6624670822171524e-44 2.382207389352189e-44 4005 4004
 22.329999923706055 2.5223372357846707e-44 2.6624670822171524e-44 2.382207389352189e-44 4005 4004
 22.3700008392334 2.5223372357846707e-44 2.6624670822171524e-44 2.382207389352189e-44 4012 4005
 22.389999389648438 2.5223372357846707e-44 2.6624670822171524e-44 2.382207389352189e-44 4012 4005
 22.40999984741211 2.5223372357846707e-44 2.6624670822171524e-44 2.382207389352189e-44 4012 4005
 22.43000030517578 2.5223372357846707e-44 2.6624670822171524e-44 2.382207389352189e-44 4012 4005
 22.440000534057617 2.5223372357846707e-44 2.6624670822171524e-44 2.382207389352189e-44 4012 4005
 22.440000534057617 2.5223372357846707e-44 2.6624670822171524e-44 2.382207389352189e-44 4001 4005
 22.489999771118164 2.5223372357846707e-44 2.6624670822171524e-44 2.382207389352189e-44 4001 4004
 22.510000228881836 2.5223372357846707e-44 2.6624670822171524e-44 2.382207389352189e-44 4001 4004
 22.530000686645508 2.5223372357846707e-44 2.6624670822171524e-44 2.382207389352189e-44 4001 4004
 22.549999237060547 2.5223372357846707e-44 2.6624670822171524e-44 2.382207389352189e-44 4001 4004
 22.549999237060547 2.5223372357846707e-44 2.6624670822171524e-44 2.382207389352189e-44 4001 4004
 22.59000015258789 2.5223372357846707e-44 2.6624670822171524e-44 2.382207389352189e-44 4007 4007
 22.610000610351562 2.5223372357846707e-44 2.6624670822171524e-44 2.382207389352189e-44 4007 4007
 22.6299991607666 2.5223372357846707e-44 2.6624670822171524e-44 2.382207389352189e-44 4007 4007
 22.649999618530273 2.5223372357846707e-44 2.6624670822171524e-44 2.382207389352189e-44 4007 4007
 22.65999984741211 2.5223372357846707e-44 2.6624670822171524e-44 2.382207389352189e-44 4007 4007
 22.65999984741211 2.5223372357846707e-44 2.6624670822171524e-44 2.382207389352189e-44 4004 4007
 22.709999084472656 2.5223372357846707e-44 2.6624670822171524e-44 2.382207389352189e-44 4004 4005
 22.729999542236328 2.5223372357846707e-44 2.6624670822171524e-44 2.382207389352189e-44 4004 4005
 22.75 2.5223372357846707e-44 2.6624670822171524e-44 2.382207389352189e-44 4004 4005
 22.770000457763672 2.5223372357846707e-44 2.6624670822171524e-44 2.382207389352189e-44 4004 4005
 22.770000457763672 2.5223372357846707e-44 2.6624670822171524e-44 2.382207389352189e-44 4004 4005
 22.809999465942383 2.5223372357846707e-44 2.6624670822171524e-44 2.382207389352189e-44 4008 4005
 22.829999923706055 2.5223372357846707e-44 2.6624670822171524e-44 2.382207389352189e-44 4008 4005
 23.100000381469727 2.5223372357846707e-44 2.6624670822171524e-44 -9.765674622030929e-05 4673 0
 6.81591573047591e-42 -107513856.0 1.6766143762076425e-39 1.744874427001833e-39 0 52497
 6.112784161758479e-28 1.6155871338926322e-27 1.0097419586828951e-28 23.100000381469727 18 0
 2.6624670822171524e-44 -0.00033202816848643124 6.54826772378987e-42 6.81591573047591e-42 4352 0
 -1.2459177027752955e-16 23.209999084472656 2.5223372357846707e-44 2.6624670822171524e-44 17 0
 1.6666912997809586e-26 6.112892976800337e-28 1.6155871338926322e-27 1.0097419586828951e-28 0 42240
 -3.3797905446553145e-11 1.676615777506107e-39 1.744874427001833e-39 1.5612034346858506e-39 0 4005
 -0.0004882908542640507 6.54826772378987e-42 6.81591573047591e-42 6.098450916741604e-42 42240 42511
 -0.0006445356993936002 6.54826772378987e-42 6.81591573047591e-42 6.098450916741604e-42 42240 42511
 -0.0008007892756722867 6.54826772378987e-42 6.81591573047591e-42 6.098450916741604e-42 42240 42511
 -0.0009570279507897794 6.54826772378987e-42 6.81591573047591e-42 6.098450916741604e-42 42240 42511
 -0.0010937469778582454 6.54826772378987e-42 6.81591573047591e-42 6.098450916741604e-42 42240 42511
 -0.0010937469778582454 6.54826772378987e-42 6.81591573047591e-42 6.098450916741604e-42 42240 42511
 -0.001875014859251678 6.54826772378987e-42 6.81591573047591e-42 6.098450916741604e-42 42240 41999
 -0.0024218594189733267 6.54826772378987e-42 6.81591573047591e-42 6.098450916741604e-42 42240 41999
 -0.0030468737240880728 6.54826772378987e-42 6.81591573047591e-42 6.098450916741604e-42 42240 41999
 -0.003671888029202819 6.54826772378987e-42 6.81591573047591e-42 6.098450916741604e-42 42240 41999
 -0.003671888029202819 6.54826772378987e-42 6.81591573047591e-42 6.098450916741604e-42 42240 41999
 -0.005937464069575071 6.54826772378987e-42 6.81591573047591e-42 6.098450916741604e-42 42496 43023
 -0.0071874926798045635 6.54826772378987e-42 6.81591573047591e-42 6.098450916741604e-42 42496 43023
 -0.009062542580068111 6.54826772378987e-42 6.81591573047591e-42 6.098450916741604e-42 42496 43023
 -0.011562599800527096 6.54826772378987e-42 6.81591573047591e-42 6.098450916741604e-42 42496 43023
 -0.012812628410756588 6.54826772378987e-42 6.81591573047591e-42 6.098450916741604e-42 42496 43023
 -0.012812628410756588 6.54826772378987e-42 6.81591573047591e-42 6.098450916741604e-42 41472 43023
 -0.022500066086649895 6.54826772378987e-42 6.81591573047591e-42 6.098450916741604e-42 41472 41999
 -0.027500180527567863 6.54826772378987e-42 6.81591573047591e-42 6.098450916741604e-42 41472 41999
 -0.03374963626265526 6.54826772378987e-42 6.81591573047591e-42 6.098450916741604e-42 41472 41999
 -0.043749865144491196 6.54826772378987e-42 6.81591573047591e-42 6.098450916741604e-42 41472 41999
 -0.043749865144491196 6.54826772378987e-42 6.81591573047591e-42 6.098450916741604e-42 41472 41999
 -0.06500064581632614 6.54826772378987e-42 6.81591573047591e-42 6.098450916741604e-42 43264 42255
 -0.0849991962313652 6.54826772378987e-42 6.81591573047591e-42 6.098450916741604e-42 43264 42255
 -0.10499965399503708 6.54826772378987e-42 6.81591573047591e-42 6.098450916741604e-42 43264 42255
 -0.1250002235174179 6.54826772378987e-42 6.81591573047591e-42 6.098450916741604e-42 43264 42255
 -0.14500068128108978 6.54826772378987e-42 6.81591573047591e-42 6.098450916741604e-42 43264 42255
 -0.14500068128108978 6.54826772378987e-42 6.81591573047591e-42 6.098450916741604e-42 42240 42255
 -0.24499915540218353 6.54826772378987e-42 6.81591573047591e-42 6.098450916741604e-42 42240 42255
 -1.6799944639205933 6.54826772378987e-42 6.81591573047591e-42 6.098450916741604e-42 42240 42255
 -2.9600255489349365 6.54826772378987e-42 6.81591573047591e-42 6.098450916741604e-42 42240 41743
 -3.5999791622161865 6.54826772378987e-42 6.81591573047591e-42 6.098450916741604e-42 42240 41743
 -4.479987621307373 6.54826772378987e-42 6.81591573047591e-42 6.098450916741604e-42 42240 41743
 -5.760016918182373 6.54826772378987e-42 6.81591573047591e-42 6.098450916741604e-42 42240 41743
 -5.760016918182373 6.54826772378987e-42 6.81591573047591e-42 6.098450916741604e-42 42240 41743
 -8.639906883239746 6.54826772378987e-42 6.81591573047591e-42 6.098450916741604e-42 41984 42511
 -11.199965476989746 6.54826772378987e-42 6.81591573047591e-42 6.098450916741604e-42 41984 42511
 -13.760024070739746 6.54826772378987e-42 6.81591573047591e-42 6.098450916741604e-42 41984 42511
 -16.640165328979492 6.54826772378987e-42 6.81591573047591e-42 6.098450916741604e-42 41984 42511
 -19.200223922729492 6.54826772378987e-42 6.81591573047591e-42 6.098450916741604e-42 41984 42511
 -19.200223922729492 6.54826772378987e-42 6.81591573047591e-42 6.098450916741604e-42 41984 42511
 -42.240291595458984 6.54826772378987e-42 6.81591573047591e-42 6.098450916741604e-42 41984 41999
 -52.480525970458984 6.54826772378987e-42 6.81591573047591e-42 6.098450916741604e-42 41984 41999
 -62.719783782958984 6.54826772378987e-42 6.81591573047591e-42 6.098450916741604e-42 41984 41999
 -62.719783782958984 6.54826772378987e-42 6.81591573047591e-42 6.098450916741604e-42 41984 41999
 -102.40050506591797 6.54826772378987e-42 6.81591573047591e-42 6.098450916741604e-42 41984 42511
 -122.88097381591797 6.54826772378987e-42 6.81591573047591e-42 6.098450916741604e-42 41984 42511
 -158.71897888183594 6.54826772378987e-42 6.81591573047591e-42 6.098450916741604e-42 41984 42511
 -199.67991638183594 6.54826772378987e-42 6.81591573047591e-42 6.098450916741604e-42 41984 42511
 -220.16038513183594 6.54826772378987e-42 6.81591573047591e-42 6.098450916741604e-42 41984 42511
 -220.16038513183594 6.54826772378987e-42 6.81591573047591e-42 6.098450916741604e-42 43264 42511
 -389.1176452636719 6.54826772378987e-42 6.81591573047591e-42 6.098450916741604e-42 43264 41999
 -471.0395202636719 6.54826772378987e-42 6.81591573047591e-42 6.098450916741604e-42 43264 41999
 -593.9227905273438 6.54826772378987e-42 6.81591573047591e-42 6.098450916741604e-42 43264 41999
 -757.7665405273438 6.54826772378987e-42 6.81591573047591e-42 6.098450916741604e-42 43264 41999
 -757.7665405273438 6.54826772378987e-42 6.81591573047591e-42 6.098450916741604e-42 43264 41999
 -1146.8768310546875 6.54826772378987e-42 6.81591573047591e-42 6.098450916741604e-42 43008 42255
 -1474.5643310546875 6.54826772378987e-42 6.81591573047591e-42 6.098450916741604e-42 43008 42255
 -1802.2518310546875 6.54826772378987e-42 6.81591573047591e-42 6.098450916741604e-42 43008 42255
 -2211.816162109375 6.54826772378987e-42 6.81591573047591e-42 6.098450916741604e-42 43008 42255
 -2539.503662109375 6.54826772378987e-42 6.81591573047591e-42 6.098450916741604e-42 43008 42255
 -2539.503662109375 6.54826772378987e-42 6.81591573047591e-42 6.098450916741604e-42 43008 42255
 -4259.88232421875 6.54826772378987e-42 6.81591573047591e-42 6.098450916741604e-42 43008 41487
 -5570.50732421875 6.54826772378987e-42 6.81591573047591e-42 6.098450916741604e-42 43008 41487
 -6881.25732421875 6.54826772378987e-42 6.81591573047591e-42 6.098450916741604e-42 43008 41487
 -8192.0146484375 6.54826772378987e-42 6.81591573047591e-42 6.098450916741604e-42 43008 41487
 -8192.0146484375 6.54826772378987e-42 6.81591573047591e-42 6.098450916741604e-42 43008 41487
 -13435.0146484375 6.54826772378987e-42 6.81591573047591e-42 6.098450916741604e-42 43008 41999
 -16056.2646484375 6.54826772378987e-42 6.81591573047591e-42 6.098450916741604e-42 43008 41999
 -20971.529296875 6.54826772378987e-42 6.81591573047591e-42 6.098450916741604e-42 43008 41999
 -26214.529296875 6.54826772378987e-42 6.81591573047591e-42 6.098450916741604e-42 43008 41999
 -28836.029296875 6.54826772378987e-42 6.81591573047591e-42 6.098450916741604e-42 43008 41999
 -28836.029296875 6.54826772378987e-42 6.81591573047591e-42 6.098450916741604e-42 42496 41999
 -51118.05859375 6.54826772378987e-42 6.81591573047591e-42 6.098450916741604e-42 42496 42767
 -61604.05859375 6.54826772378987e-42 6.81591573047591e-42 6.098450916741604e-42 42496 42767
 -78644.1171875 6.54826772378987e-42 6.81591573047591e-42 6.098450916741604e-42 42496 42767
 -99614.1171875 6.54826772378987e-42 6.81591573047591e-42 6.098450916741604e-42 42496 42767
 -99614.1171875 6.54826772378987e-42 6.81591573047591e-42 6.098450916741604e-42 42496 42767
 -152044.234375 6.54826772378987e-42 6.81591573047591e-42 6.098450916741604e-42 43008 42511
 -193988.234375 6.54826772378987e-42 6.81591573047591e-42 6.098450916741604e-42 43008 42511
 -235928.234375 6.54826772378987e-42 6.81591573047591e-42 6.098450916741604e-42 43008 42511
 -293600.46875 6.54826772378987e-42 6.81591573047591e-42 6.098450916741604e-42 43008 42511
 -335544.46875 6.54826772378987e-42 6.81591573047591e-42 6.098450916741604e-42 43008 42511
 -335544.46875 6.54826772378987e-42 6.81591573047591e-42 6.098450916741604e-42 41984 42511
 -566224.9375 6.54826772378987e-42 6.81591573047591e-42 6.098450916741604e-42 41984 42255
 -734000.9375 6.54826772378987e-42 6.81591573047591e-42 6.098450916741604e-42 41984 42255
 -901776.9375 6.54826772378987e-42 6.81591573047591e-42 6.098450916741604e-42 41984 42255
 -1090529.875 6.54826772378987e-42 6.81591573047591e-42 6.098450916741604e-42 41984 42255
 -1090529.875 6.54826772378987e-42 6.81591573047591e-42 6.098450916741604e-42 41984 42255
 -1761601.875 6.54826772378987e-42 6.81591573047591e-42 6.098450916741604e-42 42240 42255
 -2097155.75 6.54826772378987e-42 6.81591573047591e-42 6.098450916741604e-42 42240 42255
 -2768259.75 6.54826772378987e-42 6.81591573047591e-42 6.098450916741604e-42 42240 42255
 -3439363.75 6.54826772378987e-42 6.81591573047591e-42 6.098450916741604e-42 42240 42255
 -3774851.75 6.54826772378987e-42 6.81591573047591e-42 6.098450916741604e-42 42240 42255
 -3774851.75 6.54826772378987e-42 6.81591573047591e-42 6.098450916741604e-42 42240 42255
 -6710919.5 6.54826772378987e-42 6.81591573047591e-42 6.098450916741604e-42 42240 42511
 -8053127.5 6.54826772378987e-42 6.81591573047591e-42 6.098450916741604e-42 42240 42511
 -10401807.0 6.54826772378987e-42 6.81591573047591e-42 6.098450916741604e-42 42240 42511
 -13086223.0 6.54826772378987e-42 6.81591573047591e-42 6.098450916741604e-42 42240 42511
 -13086223.0 6.54826772378987e-42 6.81591573047591e-42 6.098450916741604e-42 42240 42511
 -20132894.0 6.54826772378987e-42 6.81591573047591e-42 6.098450916741604e-42 42240 42255
 -25501214.0 6.54826772378987e-42 6.81591573047591e-42 6.098450916741604e-42 42240 42255
 -30870046.0 6.54826772378987e-42 6.81591573047591e-42 6.098450916741604e-42 42240 42255
 -38923324.0 6.54826772378987e-42 6.81591573047591e-42 6.098450916741604e-42 42240 42255
 -44292156.0 6.54826772378987e-42 6.81591573047591e-42 6.098450916741604e-42 42240 42255
 -44292156.0 6.54826772378987e-42 6.81591573047591e-42 6.098450916741604e-42 41728 42255
 -75161720.0 6.54826772378987e-42 6.81591573047591e-42 6.098450916741604e-42 41728 42255
 -96637048.0 6.54826772378987e-42 6.81591573047591e-42 6.098450916741604e-42 41728 42255
 -118112376.0 6.54826772378987e-42 6.81591573047591e-42 6.098450916741604e-42 41728 42255
 -144953584.0 6.54826772378987e-42 6.81591573047591e-42 6.098450916741604e-42 41728 42255
 -144953584.0 6.54826772378987e-42 6.81591573047591e-42 6.098450916741604e-42 41728 42255
 -230854896.0 6.54826772378987e-42 6.81591573047591e-42 6.098450916741604e-42 42240 42767
 -279175648.0 6.54826772378987e-42 6.81591573047591e-42 6.098450916741604e-42 42240 42767
 -365068768.0 6.54826772378987e-42 6.81591573047591e-42 6.098450916741604e-42 42240 42767
 -450970080.0 6.54826772378987e-42 6.81591573047591e-42 6.098450916741604e-42 42240 42767
 -493920736.0 6.54826772378987e-42 6.81591573047591e-42 6.098450916741604e-42 42240 42767
 -493920736.0 6.54826772378987e-42 6.81591573047591e-42 6.098450916741604e-42 42240 42767
 -880477120.0 6.54826772378987e-42 6.81591573047591e-42 6.098450916741604e-42 42240 42255
 -1052263360.0 6.54826772378987e-42 6.81591573047591e-42 6.098450916741604e-42 42240 42255
 -1374390144.0 6.54826772378987e-42 6.81591573047591e-42 6.098450916741604e-42 42240 42255
 -1717995392.0 6.54826772378987e-42 6.81591573047591e-42 6.098450916741604e-42 42240 42255
 -1717995392.0 6.54826772378987e-42 6.81591573047591e-42 6.098450916741604e-42 42240 42255
 -2662862592.0 6.54826772378987e-42 6.81591573047591e-42 6.098450916741604e-42 43264 42255
 -3350073088.0 6.54826772378987e-42 6.81591573047591e-42 6.098450916741604e-42 43264 42255
 -4037283584.0 6.54826772378987e-42 6.81591573047591e-42 6.098450916741604e-42 43264 42255
 -5154020864.0 6.54826772378987e-42 6.81591573047591e-42 6.098450916741604e-42 43264 42255
 -5841100288.0 6.54826772378987e-42 6.81591573047591e-42 6.098450916741604e-42 43264 42255
 -5841100288.0 6.54826772378987e-42 6.81591573047591e-42 6.098450916741604e-42 41728 42255
 -9964370944.0 6.54826772378987e-42 6.81591573047591e-42 6.098450916741604e-42 41728 41999
 -12713212928.0 6.54826772378987e-42 6.81591573047591e-42 6.098450916741604e-42 41728 41999
 -15461792768.0 6.54826772378987e-42 6.81591573047591e-42 6.098450916741604e-42 41728 41999
 -19241400320.0 6.54826772378987e-42 6.81591573047591e-42 6.098450916741604e-42 41728 41999
 -19241400320.0 6.54826772378987e-42 6.81591573047591e-42 6.098450916741604e-42 41728 41999
 -30236768256.0 6.54826772378987e-42 6.81591573047591e-42 6.098450916741604e-42 42496 42255
 -37108117504.0 6.54826772378987e-42 6.81591573047591e-42 6.098450916741604e-42 42496 42255
 -48103485440.0 6.54826772378987e-42 6.81591573047591e-42 6.098450916741604e-42 42496 42255
 -59098853376.0 6.54826772378987e-42 6.81591573047591e-42 6.098450916741604e-42 42496 42255
 -64596537344.0 6.54826772378987e-42 6.81591573047591e-42 6.098450916741604e-42 42496 42255
 -64596537344.0 6.54826772378987e-42 6.81591573047591e-42 6.098450916741604e-42 42240 42255
 -115448340480.0 6.54826772378987e-42 6.81591573047591e-42 6.098450916741604e-42 42240 41743
 -137439199232.0 6.54826772378987e-42 6.81591573047591e-42 6.098450916741604e-42 42240 41743
 -181420670976.0 6.54826772378987e-42 6.81591573047591e-42 6.098450916741604e-42 42240 41743
 -225402142720.0 6.54826772378987e-42 6.81591573047591e-42 6.098450916741604e-42 42240 41743
 -225402142720.0 6.54826772378987e-42 6.81591573047591e-42 6.098450916741604e-42 42240 41743
 -351843876864.0 6.54826772378987e-42 6.81591573047591e-42 6.098450916741604e-42 42496 42511
 -439806820352.0 6.54826772378987e-42 6.81591573047591e-42 6.098450916741604e-42 42496 42511
 -527769763840.0 6.54826772378987e-42 6.81591573047591e-42 6.098450916741604e-42 42496 42511
 -681692823552.0 6.54826772378987e-42 6.81591573047591e-42 6.098450916741604e-42 42496 42511
 -769655767040.0 6.54826772378987e-42 6.81591573047591e-42 6.098450916741604e-42 42496 42511
 -769655767040.0 6.54826772378987e-42 6.81591573047591e-42 6.098450916741604e-42 41984 42511
 -1319429341184.0 6.54826772378987e-42 6.81591573047591e-42 6.098450916741604e-42 41984 42511
 -1671247560704.0 6.54826772378987e-42 6.81591573047591e-42 6.098450916741604e-42 41984 42511
 -2023099334656.0 6.54826772378987e-42 6.81591573047591e-42 6.098450916741604e-42 41984 42511
 -2550878961664.0 6.54826772378987e-42 6.81591573047591e-42 6.098450916741604e-42 41984 42511
 -2550878961664.0 6.54826772378987e-42 6.81591573047591e-42 6.098450916741604e-42 41984 42511
 -3958218948608.0 6.54826772378987e-42 6.81591573047591e-42 6.098450916741604e-42 42752 42511
 -4925798481920.0 6.54826772378987e-42 6.81591573047591e-42 6.098450916741604e-42 42752 42511
 -6333205577728.0 6.54826772378987e-42 6.81591573047591e-42 6.098450916741604e-42 42752 42511
 -7740612673536.0 6.54826772378987e-42 6.81591573047591e-42 6.098450916741604e-42 42752 42511
 -8444316221440.0 6.54826772378987e-42 6.81591573047591e-42 6.098450916741604e-42 42752 42511
 -8444316221440.0 6.54826772378987e-42 6.81591573047591e-42 6.098450916741604e-42 42496 42511
 -15129306464256.0 6.54826772378987e-42 6.81591573047591e-42 6.098450916741604e-42 42496 42255
 -18296055267328.0 6.54826772378987e-42 6.81591573047591e-42 6.098450916741604e-42 42496 42255
 -23925146779648.0 6.54826772378987e-42 6.81591573047591e-42 6.098450916741604e-42 42496 42255
 -29554775162880.0 6.54826772378987e-42 6.81591573047591e-42 6.098450916741604e-42 42496 42255
 -29554775162880.0 6.54826772378987e-42 6.81591573047591e-42 6.098450916741604e-42 42496 42255
 -46443691769856.0 6.54826772378987e-42 6.81591573047591e-42 6.098450916741604e-42 43008 42255
 -57702948536320.0 6.54826772378987e-42 6.81591573047591e-42 6.098450916741604e-42 43008 42255
 -68961131560960.0 6.54826772378987e-42 6.81591573047591e-42 6.098450916741604e-42 43008 42255
 -90072032477184.0 6.54826772378987e-42 6.81591573047591e-42 6.098450916741604e-42 43008 42255
 -101331289243648.0 6.54826772378987e-42 6.81591573047591e-42 6.098450916741604e-42 43008 42255
 -101331289243648.0 6.54826772378987e-42 6.81591573047591e-42 6.098450916741604e-42 41984 42255
 -174513362829312.0 6.54826772378987e-42 6.81591573047591e-42 6.098450916741604e-42 41984 41743
 -219550389895168.0 6.54826772378987e-42 6.81591573047591e-42 6.098450916741604e-42 41984 41743
 -264587416961024.0 6.54826772378987e-42 6.81591573047591e-42 6.098450916741604e-42 41984 41743
 -337773911343104.0 6.54826772378987e-42 6.81591573047591e-42 6.098450916741604e-42 41984 41743
 -337773911343104.0 6.54826772378987e-42 6.81591573047591e-42 6.098450916741604e-42 41984 41743
 -517913429671936.0 6.54826772378987e-42 6.81591573047591e-42 6.098450916741604e-42 42496 42767
 -653025014185984.0 6.54826772378987e-42 6.81591573047591e-42 6.098450916741604e-42 42496 42767
 -833173122449408.0 6.54826772378987e-42 6.81591573047591e-42 6.098450916741604e-42 42496 42767
 -1013304050843648.0 6.54826772378987e-42 6.81591573047591e-42 6.098450916741604e-42 42496 42767
 -1103378104975360.0 6.54826772378987e-42 6.81591573047591e-42 6.098450916741604e-42 42496 42767
 -1103378104975360.0 6.54826772378987e-42 6.81591573047591e-42 6.098450916741604e-42 42496 42767
 -2431917588742144.0 6.54826772378987e-42 27.149999618530273 -3873103260155904.0 4673 0
 6.81591573047591e-42 6.098450916741604e-42 -4.983806336372743e-16 -6124837575589888.0 4673 0
 6.81591573047591e-42 6.098450916741604e-42 -1.2459515840931856e-16 -7566022441697280.0 4673 0
 6.81591573047591e-42 6.098450916741604e-42 -1.2459515840931856e-16 -9007215360868352.0 4673 0
 6.81591573047591e-42 6.098450916741604e-42 -1.2459515840931856e-16 -1.1889585093083136e+16 4673 0
 6.81591573047591e-42 6.098450916741604e-42 -1.2459515840931856e-16 -1.3330769959190528e+16 4673 0
 6.81591573047591e-42 6.098450916741604e-42 -1.2459515840931856e-16 -1.3330769959190528e+16 4673 0
 6.81591573047591e-42 6.098450916741604e-42 -1.2458838214574053e-16 -2.3058440314159104e+16 4673 0
 6.81591573047591e-42 6.098450916741604e-42 -1.9466934710271958e-18 -2.882317977858867e+16 4673 0
 6.81591573047591e-42 6.098450916741604e-42 -1.9466934710271958e-18 -3.458791924301824e+16 4673 0
 6.81591573047591e-42 6.098450916741604e-42 -1.9466934710271958e-18 -4.467542088430387e+16 4673 0
 6.81591573047591e-42 6.098450916741604e-42 -1.9466934710271958e-18 -4.467542088430387e+16 4673 0
 6.81591573047591e-42 6.098450916741604e-42 -1.9466934710271958e-18 -6.773437874202214e+16 4673 0
 6.81591573047591e-42 6.098450916741604e-42 -4.9832642352865e-16 -8.647012130383462e+16 4673 0
 6.81591573047591e-42 6.098450916741604e-42 -4.9832642352865e-16 -1.0952688013829734e+17 4673 0
 6.81591573047591e-42 6.098450916741604e-42 -4.9832642352865e-16 -1.3258583799601562e+17 4673 0
 6.81591573047591e-42 6.098450916741604e-42 -4.9832642352865e-16 -1.4411544577389363e+17 4673 0
 6.81591573047591e-42 6.098450916741604e-42 -4.9832642352865e-16 -1.4411544577389363e+17 4673 0
 6.81591573047591e-42 6.098450916741604e-42 -4.983535285829621e-16 -2.594058370159739e+17 4673 0
 6.81591573047591e-42 6.098450916741604e-42 -7.786773884108783e-18 -3.228171293111091e+17 4673 0
 6.81591573047591e-42 6.098450916741604e-42 -7.786773884108783e-18 -4.150529607419822e+17 4673 0
 6.81591573047591e-42 6.098450916741604e-42 -7.786773884108783e-18 -5.072887921728553e+17 4673 0
 6.81591573047591e-42 6.098450916741604e-42 -7.786773884108783e-18 -5.072887921728553e+17 4673 0
 6.81591573047591e-42 6.098450916741604e-42 -7.786773884108783e-18 -8.07042565579735e+17 4673 0
 6.81591573047591e-42 6.098450916741604e-42 -1.2459515840931856e-16 -9.915142284414812e+17 4673 0
 6.81591573047591e-42 6.098450916741604e-42 -1.2459515840931856e-16 -1.1990502779996078e+18 4673 0
 6.81591573047591e-42 6.098450916741604e-42 -1.2459515840931856e-16 -1.5679584193510113e+18 4673 0
 6.81591573047591e-42 6.098450916741604e-42 -1.2459515840931856e-16 -1.7524300822127575e+18 4673 0
 6.81591573047591e-42 6.098450916741604e-42 -1.2459515840931856e-16 -1.7524300822127575e+18 4673 0
 6.81591573047591e-42 6.098450916741604e-42 -1.246019346728966e-16 -3.043733783829283e+18 4673 0
 6.81591573047591e-42 6.098450916741604e-42 -3.115048366822415e-17 -3.7816204352762675e+18 4673 0
 6.81591573047591e-42 6.098450916741604e-42 -3.115048366822415e-17 -4.5194367179790746e+18 4673 0
 6.81591573047591e-42 6.098450916741604e-42 -3.115048366822415e-17 -5.902960720424731e+18 4673 0
 6.81591573047591e-42 6.098450916741604e-42 -3.115048366822415e-17 -5.902960720424731e+18 4673 0
 6.81591573047591e-42 6.098450916741604e-42 -3.115048366822415e-17 -8.854507326212669e+18 4673 0
 6.81591573047591e-42 6.098450916741604e-42 -4.983941861644303e-16 -1.1436907746381791e+19 4673 0
 6.81591573047591e-42 6.098450916741604e-42 -4.983941861644303e-16 -1.438845435216973e+19 4673 0
 6.81591573047591e-42 6.098450916741604e-42 -4.983941861644303e-16 -1.7340000957957669e+19 4673 0
 6.81591573047591e-42 6.098450916741604e-42 -4.983941861644303e-16 -1.9184804447993725e+19 4673 0
 6.81591573047591e-42 6.098450916741604e-42 -4.983941861644303e-16 -1.9184804447993725e+19 4673 0
 6.81591573047591e-42 6.098450916741604e-42 -4.983806336372743e-16 -3.3941974526979998e+19 4673 0
 6.81591573047591e-42 6.098450916741604e-42 -1.2459515840931856e-16 -4.279664732969265e+19 4673 0
 6.81591573047591e-42 6.098450916741604e-42 -1.2459515840931856e-16 -5.46028337528444e+19 4673 0
 6.81591573047591e-42 6.098450916741604e-42 -1.2459515840931856e-16 -6.6407894276089315e+19 4673 0
 6.81591573047591e-42 6.098450916741604e-42 -1.2459515840931856e-16 -6.6407894276089315e+19 4673 0
 6.81591573047591e-42 6.098450916741604e-42 -1.2459515840931856e-16 -1.0625355794994745e+20 4673 0
 6.81591573047591e-42 6.098450916741604e-42 -4.9832642352865e-16 -1.2986593079625096e+20 4673 0
 6.81591573047591e-42 6.098450916741604e-42 -4.9832642352865e-16 -1.5937815109580515e+20 4673 0
 6.81591573047591e-42 6.098450916741604e-42 -4.9832642352865e-16 -2.0660289678841217e+20 4673 0
 6.81591573047591e-42 6.098450916741604e-42 -4.9832642352865e-16 -2.3021526963471568e+20 4673 0
 6.81591573047591e-42 6.098450916741604e-42 -4.9832642352865e-16 -2.3021526963471568e+20 4673 0
 6.81591573047591e-42 6.098450916741604e-42 -4.984077386915864e-16 -4.013973553538589e+20 4673 0
 6.81591573047591e-42 6.098450916741604e-42 -1.246019346728966e-16 -4.9584684673907294e+20 4673 0
 6.81591573047591e-42 6.098450916741604e-42 -1.246019346728966e-16 -5.902968658898683e+20 4673 0
 6.81591573047591e-42 6.098450916741604e-42 -1.246019346728966e-16 -7.791958486602964e+20 4673 0
 6.81591573047591e-42 6.098450916741604e-42 -1.246019346728966e-16 -7.791958486602964e+20 4673 0
 6.81591573047591e-42 6.098450916741604e-42 -1.246019346728966e-16 -1.1569757998026431e+21 4673 0
 6.81591573047591e-42 6.098450916741604e-42 -1.2461209906826365e-16 -1.511157944428731e+21 4673 0
 6.81591573047591e-42 6.098450916741604e-42 -1.2461209906826365e-16 -1.8889559099695872e+21 4673 0
 6.81591573047591e-42 6.098450916741604e-42 -1.2461209906826365e-16 -2.2667538755104434e+21 4673 0
 6.81591573047591e-42 6.098450916741604e-42 -1.2461209906826365e-16 -2.5500504175328824e+21 4673 0
 6.81591573047591e-42 6.098450916741604e-42 -1.2461209906826365e-16 -2.5500504175328824e+21 4673 0
 6.81591573047591e-42 6.098450916741604e-42 -1.2457821775037348e-16 -4.439040245237163e+21 4673 0
 6.81591573047591e-42 6.098450916741604e-42 -3.114455443759337e-17 -5.666905869768106e+21 4673 0
 6.81591573047591e-42 6.098450916741604e-42 -3.114455443759337e-17 -7.177953616743455e+21 4673 0
 6.81591573047591e-42 6.098450916741604e-42 -3.114455443759337e-17 -8.689145478906879e+21 4673 0
 6.81591573047591e-42 6.098450916741604e-42 -3.114455443759337e-17 -8.689145478906879e+21 4673 0
 6.81591573047591e-42 6.098450916741604e-42 -3.114455443759337e-17 -1.3978325440728167e+22 4673 0
 6.81591573047591e-42 6.098450916741604e-42 -4.983670811101182e-16 -1.7000420934678865e+22 4673 0
 6.81591573047591e-42 6.098450916741604e-42 -4.983670811101182e-16 -2.1156143386532847e+22 4673 0
 6.81591573047591e-42 6.098450916741604e-42 -4.983670811101182e-16 -2.7200910835186546e+22 4673 0
 6.81591573047591e-42 6.098450916741604e-42 -4.983670811101182e-16 -3.0223294559513395e+22 4673 0
 6.81591573047591e-42 6.098450916741604e-42 -4.983670811101182e-16 -3.0223294559513395e+22 4673 0
 6.81591573047591e-42 6.098450916741604e-42 -4.983535285829621e-16 -5.2890341577833516e+22 4673 0
 6.81591573047591e-42 6.098450916741604e-42 -4.983535285829621e-16 -6.497987647514091e+22 4673 0
 6.81591573047591e-42 6.098450916741604e-42 -4.983535285829621e-16 -7.85809590189823e+22 4673 0
 6.81591573047591e-42 6.098450916741604e-42 -4.983535285829621e-16 -1.0275772297058788e+23 4673 0
 6.81591573047591e-42 6.098450916741604e-42 -4.983535285829621e-16 -1.0275772297058788e+23 4673 0
 6.81591573047591e-42 6.098450916741604e-42 -4.983535285829621e-16 -1.511159976678063e+23 4673 0
 6.81591573047591e-42 6.098450916741604e-42 -4.983128710014939e-16 -1.9947413725703588e+23 4673 0
 6.81591573047591e-42 6.098450916741604e-42 -4.983128710014939e-16 -2.4783227684626547e+23 4673 0
 6.81591573047591e-42 6.098450916741604e-42 -4.983128710014939e-16 -2.9618580474947663e+23 4673 0
 6.81591573047591e-42 6.098450916741604e-42 -4.983128710014939e-16 -3.3849829418452556e+23 4673 0
 6.81591573047591e-42 6.098450916741604e-42 -4.983128710014939e-16 -3.3849829418452556e+23 4673 0
 6.81591573047591e-42 6.098450916741604e-42 -4.983535285829621e-16 -5.802889921306735e+23 4673 0
 6.81591573047591e-42 6.098450916741604e-42 -3.114709553643513e-17 -7.495291860668771e+23 4673 0
 6.81591573047591e-42 6.098450916741604e-42 -3.114709553643513e-17 -9.429617444237954e+23 4673 0
 6.81591573047591e-42 6.098450916741604e-42 -3.114709553643513e-17 -1.1363943027807138e+24 4673 0
 6.81591573047591e-42 6.098450916741604e-42 -3.114709553643513e-17 -1.1363943027807138e+24 4673 0
 6.81591573047591e-42 6.098450916741604e-42 -3.114709553643513e-17 -1.8375561258863244e+24 4673 0
 6.81591573047591e-42 6.098450916741604e-42 -4.983670811101182e-16 -2.224421242600161e+24 4673 0
 6.81591573047591e-42 6.098450916741604e-42 -4.983670811101182e-16 -3.9653164295402475e+24 4673 0
 6.81591573047591e-42 6.098450916741604e-42 -4.983670811101182e-16 -3.9653164295402475e+24 4673 0
 6.81591573047591e-42 6.098450916741604e-42 -4.983670811101182e-16 -3.9653164295402475e+24 4673 0
 6.81591573047591e-42 6.098450916741604e-42 -4.984212912187425e-16 -6.963433173807756e+24 4673 0
 6.81591573047591e-42 6.098450916741604e-42 -3.189896263799952e-14 -8.510893640663103e+24 4673 0
 6.81591573047591e-42 6.098450916741604e-42 -3.189896263799952e-14 -1.0445006510214686e+25 4673 0
 6.81591573047591e-42 6.098450916741604e-42 -3.189896263799952e-14 -1.353992744392538e+25 4673 0
 6.81591573047591e-42 6.098450916741604e-42 -3.189896263799952e-14 -1.353992744392538e+25 4673 0
 6.81591573047591e-42 6.098450916741604e-42 -3.189896263799952e-14 -2.011672550885947e+25 4673 0
 6.81591573047591e-42 6.098450916741604e-42 -1.2459854654110758e-16 -2.6305977080470497e+25 4673 0
 6.81591573047591e-42 6.098450916741604e-42 -1.2459854654110758e-16 -3.2495818947891884e+25 4673 0
 6.81591573047591e-42 6.098450916741604e-42 -1.2459854654110758e-16 -3.868569540295841e+25 4673 0
 6.81591573047591e-42 6.098450916741604e-42 -1.2459854654110758e-16 -4.48755372703798e+25 4673 0
 6.81591573047591e-42 6.098450916741604e-42 -1.2459854654110758e-16 -4.48755372703798e+25 4673 0
 6.81591573047591e-42 6.098450916741604e-42 -1.2457821775037348e-16 -7.582356601586602e+25 4673 0
 6.81591573047591e-42 6.098450916741604e-42 -3.114455443759337e-17 -9.903524704608132e+25 4673 0
 6.81591573047591e-42 6.098450916741604e-42 -3.114455443759337e-17 -1.2379461451576687e+26 4673 0
