 25.469999313354492 2.5223372357846707e-44 2.6624670822171524e-44 2.382207389352189e-44 3972 3974
 25.489999771118164 2.5223372357846707e-44 2.6624670822171524e-44 2.382207389352189e-44 3972 3974
 25.510000228881836 2.5223372357846707e-44 2.6624670822171524e-44 2.382207389352189e-44 3972 3974
 25.520000457763672 2.5223372357846707e-44 2.6624670822171524e-44 2.382207389352189e-44 3972 3974
 25.520000457763672 2.5223372357846707e-44 2.6624670822171524e-44 2.382207389352189e-44 3963 3974
 25.56999969482422 2.5223372357846707e-44 2.6624670822171524e-44 2.382207389352189e-44 3963 3970
 25.59000015258789 2.5223372357846707e-44 2.6624670822171524e-44 2.382207389352189e-44 3963 3970
 25.610000610351562 2.5223372357846707e-44 2.6624670822171524e-44 2.382207389352189e-44 3963 3970
 25.6299991607666 2.5223372357846707e-44 2.6624670822171524e-44 2.382207389352189e-44 3963 3970
 25.6299991607666 2.5223372357846707e-44 2.6624670822171524e-44 2.382207389352189e-44 3963 3970
 25.670000076293945 2.5223372357846707e-44 2.6624670822171524e-44 2.382207389352189e-44 3964 3967
 25.690000534057617 2.5223372357846707e-44 2.6624670822171524e-44 2.382207389352189e-44 3964 3967
 25.709999084472656 2.5223372357846707e-44 2.6624670822171524e-44 2.382207389352189e-44 3964 3967
 25.729999542236328 2.5223372357846707e-44 2.6624670822171524e-44 2.382207389352189e-44 3964 3967
 25.739999771118164 2.5223372357846707e-44 2.6624670822171524e-44 2.382207389352189e-44 3964 3967
 25.739999771118164 2.5223372357846707e-44 2.6624670822171524e-44 2.382207389352189e-44 3959 3967
 25.790000915527344 2.5223372357846707e-44 2.6624670822171524e-44 2.382207389352189e-44 3959 3970
 25.809999465942383 2.5223372357846707e-44 2.6624670822171524e-44 2.382207389352189e-44 3959 3970
 25.829999923706055 2.5223372357846707e-44 2.6624670822171524e-44 2.382207389352189e-44 3959 3970
 25.850000381469727 2.5223372357846707e-44 2.6624670822171524e-44 2.382207389352189e-44 3959 3970
 25.850000381469727 2.5223372357846707e-44 2.6624670822171524e-44 2.382207389352189e-44 3959 3970
 25.889999389648438 2.5223372357846707e-44 2.6624670822171524e-44 2.382207389352189e-44 3962 3965
 25.90999984741211 2.5223372357846707e-44 2.6624670822171524e-44 2.382207389352189e-44 3962 3965
 25.93000030517578 2.5223372357846707e-44 2.6624670822171524e-44 2.382207389352189e-44 3962 3965
 25.950000762939453 2.5223372357846707e-44 2.6624670822171524e-44 2.382207389352189e-44 3962 3965
 25.959999084472656 2.5223372357846707e-44 2.6624670822171524e-44 2.382207389352189e-44 3962 3965
 25.959999084472656 2.5223372357846707e-44 2.6624670822171524e-44 2.382207389352189e-44 3961 3965
 26.010000228881836 2.5223372357846707e-44 2.6624670822171524e-44 2.382207389352189e-44 3961 3968
 26.030000686645508 2.5223372357846707e-44 2.6624670822171524e-44 2.382207389352189e-44 3961 3968
 26.049999237060547 2.5223372357846707e-44 2.6624670822171524e-44 2.382207389352189e-44 3961 3968
 26.06999969482422 2.5223372357846707e-44 2.6624670822171524e-44 2.382207389352189e-44 3961 3968
 26.06999969482422 2.5223372357846707e-44 2.6624670822171524e-44 2.382207389352189e-44 3961 3968
 26.110000610351562 2.5223372357846707e-44 2.6624670822171524e-44 2.382207389352189e-44 3963 3965
 26.1299991607666 2.5223372357846707e-44 2.6624670822171524e-44 2.382207389352189e-44 3963 3965
 26.149999618530273 2.5223372357846707e-44 2.6624670822171524e-44 2.382207389352189e-44 3963 3965
 26.170000076293945 2.5223372357846707e-44 2.6624670822171524e-44 2.382207389352189e-44 3963 3965
 26.18000030517578 2.5223372357846707e-44 2.6624670822171524e-44 2.382207389352189e-44 3963 3965
 26.18000030517578 2.5223372357846707e-44 2.6624670822171524e-44 2.382207389352189e-44 3957 3965
 26.229999542236328 2.5223372357846707e-44 2.6624670822171524e-44 2.382207389352189e-44 3957 3969
 26.25 2.5223372357846707e-44 2.6624670822171524e-44 2.382207389352189e-44 3957 3969
 26.270000457763672 2.5223372357846707e-44 2.6624670822171524e-44 2.382207389352189e-44 3957 3969
 26.290000915527344 2.5223372357846707e-44 2.6624670822171524e-44 2.382207389352189e-44 3957 3969
 26.290000915527344 2.5223372357846707e-44 2.6624670822171524e-44 2.382207389352189e-44 3957 3969
 26.329999923706055 2.5223372357846707e-44 2.6624670822171524e-44 2.382207389352189e-44 3965 3965
 26.350000381469727 2.5223372357846707e-44 2.6624670822171524e-44 2.382207389352189e-44 3965 3965
 26.3700008392334 2.5223372357846707e-44 2.6624670822171524e-44 2.382207389352189e-44 3965 3965
 26.389999389648438 2.5223372357846707e-44 2.6624670822171524e-44 2.382207389352189e-44 3965 3965
 26.399999618530273 2.5223372357846707e-44 2.6624670822171524e-44 2.382207389352189e-44 3965 3965
 26.399999618530273 2.5223372357846707e-44 2.6624670822171524e-44 2.382207389352189e-44 3962 3965
 26.450000762939453 2.5223372357846707e-44 2.6624670822171524e-44 2.382207389352189e-44 3962 3967
 26.469999313354492 2.5223372357846707e-44 2.6624670822171524e-44 2.382207389352189e-44 3962 3967
 26.489999771118164 2.5223372357846707e-44 2.6624670822171524e-44 2.382207389352189e-44 3962 3967
 26.510000228881836 2.5223372357846707e-44 2.6624670822171524e-44 2.382207389352189e-44 3962 3967
 26.510000228881836 2.5223372357846707e-44 2.6624670822171524e-44 2.382207389352189e-44 3962 3967
 26.549999237060547 2.5223372357846707e-44 2.6624670822171524e-44 2.382207389352189e-44 3965 3964
 26.56999969482422 2.5223372357846707e-44 2.6624670822171524e-44 2.382207389352189e-44 3965 3964
 26.59000015258789 2.5223372357846707e-44 2.6624670822171524e-44 2.382207389352189e-44 3965 3964
 26.610000610351562 2.5223372357846707e-44 2.6624670822171524e-44 2.382207389352189e-44 3965 3964
 26.6200008392334 2.5223372357846707e-44 2.6624670822171524e-44 2.382207389352189e-44 3965 3964
 26.6200008392334 2.5223372357846707e-44 2.6624670822171524e-44 2.382207389352189e-44 3964 3964
 26.670000076293945 2.5223372357846707e-44 2.6624670822171524e-44 2.382207389352189e-44 3964 3969
 26.690000534057617 2.5223372357846707e-44 2.6624670822171524e-44 2.382207389352189e-44 3964 3969
 26.709999084472656 2.5223372357846707e-44 2.6624670822171524e-44 2.382207389352189e-44 3964 3969
 26.729999542236328 2.5223372357846707e-44 2.6624670822171524e-44 2.382207389352189e-44 3964 3969
 26.729999542236328 2.5223372357846707e-44 2.6624670822171524e-44 2.382207389352189e-44 3964 3969
 26.770000457763672 2.5223372357846707e-44 2.6624670822171524e-44 2.382207389352189e-44 3969 3963
 26.790000915527344 2.5223372357846707e-44 2.6624670822171524e-44 2.382207389352189e-44 3969 3963
 26.809999465942383 2.5223372357846707e-44 2.6624670822171524e-44 2.382207389352189e-44 3969 3963
 26.829999923706055 2.5223372357846707e-44 2.6624670822171524e-44 2.382207389352189e-44 3969 3963
 26.84000015258789 2.5223372357846707e-44 2.6624670822171524e-44 2.382207389352189e-44 3969 3963
 26.84000015258789 2.5223372357846707e-44 2.6624670822171524e-44 2.382207389352189e-44 3966 3963
 26.889999389648438 2.5223372357846707e-44 2.6624670822171524e-44 2.382207389352189e-44 3966 3968
 26.90999984741211 2.5223372357846707e-44 2.6624670822171524e-44 2.382207389352189e-44 3966 3968
 26.93000030517578 2.5223372357846707e-44 2.6624670822171524e-44 2.382207389352189e-44 3966 3968
 26.950000762939453 2.5223372357846707e-44 2.6624670822171524e-44 2.382207389352189e-44 3966 3968
 26.950000762939453 2.5223372357846707e-44 2.6624670822171524e-44 2.382207389352189e-44 3966 3968
 26.989999771118164 2.5223372357846707e-44 2.6624670822171524e-44 2.382207389352189e-44 3967 3964
 27.010000228881836 2.5223372357846707e-44 2.6624670822171524e-44 2.382207389352189e-44 3967 3964
 27.030000686645508 2.5223372357846707e-44 2.6624670822171524e-44 2.382207389352189e-44 3967 3964
 27.049999237060547 2.5223372357846707e-44 2.6624670822171524e-44 2.382207389352189e-44 3967 3964
 27.059999465942383 2.5223372357846707e-44 2.6624670822171524e-44 2.382207389352189e-44 3967 3964
 27.059999465942383 2.5223372357846707e-44 2.6624670822171524e-44 2.382207389352189e-44 3963 3964
 27.110000610351562 2.5223372357846707e-44 2.6624670822171524e-44 2.382207389352189e-44 3963 3966
 27.1299991607666 2.5223372357846707e-44 2.6624670822171524e-44 2.382207389352189e-44 3963 3966
 27.149999618530273 2.5223372357846707e-44 2.6624670822171524e-44 2.382207389352189e-44 3963 3966
 27.170000076293945 2.5223372357846707e-44 2.6624670822171524e-44 2.382207389352189e-44 3963 3966
 27.170000076293945 2.5223372357846707e-44 2.6624670822171524e-44 2.382207389352189e-44 3963 3966
 27.209999084472656 2.5223372357846707e-44 2.6624670822171524e-44 2.382207389352189e-44 3964 3968
 27.229999542236328 2.5223372357846707e-44 2.6624670822171524e-44 2.382207389352189e-44 3964 3968
 27.25 2.5223372357846707e-44 2.6624670822171524e-44 2.382207389352189e-44 3964 3968
 27.270000457763672 2.5223372357846707e-44 2.6624670822171524e-44 2.382207389352189e-44 3964 3968
 27.280000686645508 2.5223372357846707e-44 2.6624670822171524e-44 2.382207389352189e-44 3964 3968
 27.280000686645508 2.5223372357846707e-44 2.6624670822171524e-44 2.382207389352189e-44 3962 3968
 27.329999923706055 2.5223372357846707e-44 2.6624670822171524e-44 2.382207389352189e-44 3962 3967
 27.350000381469727 2.5223372357846707e-44 2.6624670822171524e-44 2.382207389352189e-44 3962 3967
 27.3700008392334 2.5223372357846707e-44 2.6624670822171524e-44 2.382207389352189e-44 3962 3967
 27.389999389648438 2.5223372357846707e-44 2.6624670822171524e-44 2.382207389352189e-44 3962 3967
 27.389999389648438 2.5223372357846707e-44 2.6624670822171524e-44 2.382207389352189e-44 3962 3967
 27.43000030517578 2.5223372357846707e-44 2.6624670822171524e-44 2.382207389352189e-44 3966 3965
 27.450000762939453 2.5223372357846707e-44 2.6624670822171524e-44 2.382207389352189e-44 3966 3965
 27.469999313354492 2.5223372357846707e-44 2.6624670822171524e-44 2.382207389352189e-44 3966 3965
 27.489999771118164 2.5223372357846707e-44 2.6624670822171524e-44 2.382207389352189e-44 3966 3965
 27.5 2.5223372357846707e-44 2.6624670822171524e-44 2.382207389352189e-44 3966 3965
 27.5 2.5223372357846707e-44 2.6624670822171524e-44 2.382207389352189e-44 3962 3965
 27.549999237060547 2.5223372357846707e-44 2.6624670822171524e-44 2.382207389352189e-44 3962 3966
 27.56999969482422 2.5223372357846707e-44 2.6624670822171524e-44 2.382207389352189e-44 3962 3966
 27.59000015258789 2.5223372357846707e-44 2.6624670822171524e-44 2.382207389352189e-44 3962 3966
 27.610000610351562 2.5223372357846707e-44 2.6624670822171524e-44 2.382207389352189e-44 3962 3966
 27.610000610351562 2.5223372357846707e-44 2.6624670822171524e-44 2.382207389352189e-44 3962 3966
 27.649999618530273 2.5223372357846707e-44 2.6624670822171524e-44 2.382207389352189e-44 3966 3966
 27.670000076293945 2.5223372357846707e-44 2.6624670822171524e-44 2.382207389352189e-44 3966 3966
 27.690000534057617 2.5223372357846707e-44 2.6624670822171524e-44 2.382207389352189e-44 3966 3966
 27.709999084472656 2.5223372357846707e-44 2.6624670822171524e-44 2.382207389352189e-44 3966 3966
 27.719999313354492 2.5223372357846707e-44 2.6624670822171524e-44 2.382207389352189e-44 3966 3966
 27.719999313354492 2.5223372357846707e-44 2.6624670822171524e-44 2.382207389352189e-44 3961 3966
 27.770000457763672 2.5223372357846707e-44 2.6624670822171524e-44 2.382207389352189e-44 3961 3968
 27.790000915527344 2.5223372357846707e-44 2.6624670822171524e-44 2.382207389352189e-44 3961 3968
 27.809999465942383 2.5223372357846707e-44 2.6624670822171524e-44 2.382207389352189e-44 3961 3968
 27.829999923706055 2.5223372357846707e-44 2.6624670822171524e-44 2.382207389352189e-44 3961 3968
 27.829999923706055 2.5223372357846707e-44 2.6624670822171524e-44 2.382207389352189e-44 3961 3968
 27.8700008392334 2.5223372357846707e-44 2.6624670822171524e-44 2.382207389352189e-44 3960 3965
 27.889999389648438 2.5223372357846707e-44 2.6624670822171524e-44 2.382207389352189e-44 3960 3965
 27.90999984741211 2.5223372357846707e-44 2.6624670822171524e-44 2.382207389352189e-44 3960 3965
 27.93000030517578 2.5223372357846707e-44 2.6624670822171524e-44 2.382207389352189e-44 3960 3965
 27.940000534057617 2.5223372357846707e-44 2.6624670822171524e-44 2.382207389352189e-44 3960 3965
 27.940000534057617 2.5223372357846707e-44 2.6624670822171524e-44 2.382207389352189e-44 3964 3965
 27.989999771118164 2.5223372357846707e-44 2.6624670822171524e-44 2.382207389352189e-44 3964 3967
 28.010000228881836 2.5223372357846707e-44 2.6624670822171524e-44 2.382207389352189e-44 3964 3967
 28.030000686645508 2.5223372357846707e-44 2.6624670822171524e-44 2.382207389352189e-44 3964 3967
 28.049999237060547 2.5223372357846707e-44 2.6624670822171524e-44 2.382207389352189e-44 3964 3967
 28.049999237060547 2.5223372357846707e-44 2.6624670822171524e-44 2.382207389352189e-44 3964 3967
 28.09000015258789 2.5223372357846707e-44 2.6624670822171524e-44 2.382207389352189e-44 3967 3965
 28.110000610351562 2.5223372357846707e-44 2.6624670822171524e-44 2.382207389352189e-44 3967 3965
 28.1299991607666 2.5223372357846707e-44 2.6624670822171524e-44 2.382207389352189e-44 3967 3965
 28.149999618530273 2.5223372357846707e-44 2.6624670822171524e-44 2.382207389352189e-44 3967 3965
 28.15999984741211 2.5223372357846707e-44 2.6624670822171524e-44 2.382207389352189e-44 3967 3965
 28.15999984741211 2.5223372357846707e-44 2.6624670822171524e-44 2.382207389352189e-44 3965 3965
 28.209999084472656 2.5223372357846707e-44 2.6624670822171524e-44 2.382207389352189e-44 3965 3967
 28.229999542236328 2.5223372357846707e-44 2.6624670822171524e-44 2.382207389352189e-44 3965 3967
 28.25 2.5223372357846707e-44 2.6624670822171524e-44 2.382207389352189e-44 3965 3967
 28.270000457763672 2.5223372357846707e-44 2.6624670822171524e-44 2.382207389352189e-44 3965 3967
 28.270000457763672 2.5223372357846707e-44 2.6624670822171524e-44 2.382207389352189e-44 3965 3967
 28.309999465942383 2.5223372357846707e-44 2.6624670822171524e-44 2.382207389352189e-44 3965 3967
 28.329999923706055 2.5223372357846707e-44 2.6624670822171524e-44 2.382207389352189e-44 3965 3967
 28.350000381469727 2.5223372357846707e-44 2.6624670822171524e-44 2.382207389352189e-44 3965 3967
 28.3700008392334 2.5223372357846707e-44 2.6624670822171524e-44 2.382207389352189e-44 3965 3967
 28.3799991607666 2.5223372357846707e-44 2.6624670822171524e-44 2.382207389352189e-44 3965 3967
 28.3799991607666 2.5223372357846707e-44 2.6624670822171524e-44 2.382207389352189e-44 3964 3967
 28.43000030517578 2.5223372357846707e-44 2.6624670822171524e-44 2.382207389352189e-44 3964 3966
 28.450000762939453 2.5223372357846707e-44 2.6624670822171524e-44 2.382207389352189e-44 3964 3966
 28.469999313354492 2.5223372357846707e-44 2.6624670822171524e-44 2.382207389352189e-44 3964 3966
 28.489999771118164 2.5223372357846707e-44 2.6624670822171524e-44 2.382207389352189e-44 3964 3966
 28.489999771118164 2.5223372357846707e-44 2.6624670822171524e-44 2.382207389352189e-44 3964 3966
 28.530000686645508 2.5223372357846707e-44 2.6624670822171524e-44 2.382207389352189e-44 3964 3968
 28.549999237060547 2.5223372357846707e-44 2.6624670822171524e-44 2.382207389352189e-44 3964 3968
 28.56999969482422 2.5223372357846707e-44 2.6624670822171524e-44 2.382207389352189e-44 3964 3968
 28.59000015258789 2.5223372357846707e-44 2.6624670822171524e-44 2.382207389352189e-44 3964 3968
 28.600000381469727 2.5223372357846707e-44 2.6624670822171524e-44 2.382207389352189e-44 3964 3968
 28.600000381469727 2.5223372357846707e-44 2.6624670822171524e-44 2.382207389352189e-44 3962 3968
 28.649999618530273 2.5223372357846707e-44 2.6624670822171524e-44 2.382207389352189e-44 3962 3967
 28.670000076293945 2.5223372357846707e-44 2.6624670822171524e-44 2.382207389352189e-44 3962 3967
 28.690000534057617 2.5223372357846707e-44 2.6624670822171524e-44 2.382207389352189e-44 3962 3967
 28.709999084472656 2.5223372357846707e-44 2.6624670822171524e-44 2.382207389352189e-44 3962 3967
 28.709999084472656 2.5223372357846707e-44 2.6624670822171524e-44 2.382207389352189e-44 3962 3967
 28.75 2.5223372357846707e-44 2.6624670822171524e-44 2.382207389352189e-44 3962 3965
 28.770000457763672 2.5223372357846707e-44 2.6624670822171524e-44 2.382207389352189e-44 3962 3965
 28.790000915527344 2.5223372357846707e-44 2.6624670822171524e-44 2.382207389352189e-44 3962 3965
 28.809999465942383 2.5223372357846707e-44 2.6624670822171524e-44 2.382207389352189e-44 3962 3965
 28.81999969482422 2.5223372357846707e-44 2.6624670822171524e-44 2.382207389352189e-44 3962 3965
 28.81999969482422 2.5223372357846707e-44 2.6624670822171524e-44 2.382207389352189e-44 3962 3965
 28.8700008392334 2.5223372357846707e-44 2.6624670822171524e-44 2.382207389352189e-44 3962 3968
 28.889999389648438 2.5223372357846707e-44 2.6624670822171524e-44 2.382207389352189e-44 3962 3968
 28.90999984741211 2.5223372357846707e-44 2.6624670822171524e-44 2.382207389352189e-44 3962 3968
 28.93000030517578 2.5223372357846707e-44 2.6624670822171524e-44 2.382207389352189e-44 3962 3968
 28.93000030517578 2.5223372357846707e-44 2.6624670822171524e-44 2.382207389352189e-44 3962 3968
 28.969999313354492 2.5223372357846707e-44 2.6624670822171524e-44 2.382207389352189e-44 3966 3962
 28.989999771118164 2.5223372357846707e-44 2.6624670822171524e-44 2.382207389352189e-44 3966 3962
 29.010000228881836 2.5223372357846707e-44 2.6624670822171524e-44 2.382207389352189e-44 3966 3962
 29.030000686645508 2.5223372357846707e-44 2.6624670822171524e-44 2.382207389352189e-44 3966 3962
 29.040000915527344 2.5223372357846707e-44 2.6624670822171524e-44 2.382207389352189e-44 3966 3962
 29.040000915527344 2.5223372357846707e-44 2.6624670822171524e-44 2.382207389352189e-44 3963 3962
 29.09000015258789 2.5223372357846707e-44 2.6624670822171524e-44 2.382207389352189e-44 3963 3968
 29.110000610351562 2.5223372357846707e-44 2.6624670822171524e-44 2.382207389352189e-44 3963 3968
 29.1299991607666 2.5223372357846707e-44 2.6624670822171524e-44 2.382207389352189e-44 3963 3968
 29.149999618530273 2.5223372357846707e-44 2.6624670822171524e-44 2.382207389352189e-44 3963 3968
 29.149999618530273 2.5223372357846707e-44 2.6624670822171524e-44 2.382207389352189e-44 3963 3968
 29.190000534057617 2.5223372357846707e-44 2.6624670822171524e-44 2.382207389352189e-44 3968 3964
 29.209999084472656 2.5223372357846707e-44 2.6624670822171524e-44 2.382207389352189e-44 3968 3964
 29.229999542236328 2.5223372357846707e-44 2.6624670822171524e-44 2.382207389352189e-44 3968 3964
 29.25 2.5223372357846707e-44 2.6624670822171524e-44 2.382207389352189e-44 3968 3964
 29.260000228881836 2.5223372357846707e-44 2.6624670822171524e-44 2.382207389352189e-44 3968 3964
 29.260000228881836 2.5223372357846707e-44 2.6624670822171524e-44 2.382207389352189e-44 3960 3964
 29.309999465942383 2.5223372357846707e-44 2.6624670822171524e-44 2.382207389352189e-44 3960 3968
 29.329999923706055 2.5223372357846707e-44 2.6624670822171524e-44 2.382207389352189e-44 3960 3968
 29.350000381469727 2.5223372357846707e-44 2.6624670822171524e-44 2.382207389352189e-44 3960 3968
 29.3700008392334 2.5223372357846707e-44 2.6624670822171524e-44 2.382207389352189e-44 3960 3968
 29.3700008392334 2.5223372357846707e-44 2.6624670822171524e-44 2.382207389352189e-44 3960 3968
 29.40999984741211 2.5223372357846707e-44 2.6624670822171524e-44 2.382207389352189e-44 3968 3964
 29.43000030517578 2.5223372357846707e-44 2.6624670822171524e-44 2.382207389352189e-44 3968 3964
 29.450000762939453 2.5223372357846707e-44 2.6624670822171524e-44 2.382207389352189e-44 3968 3964
 29.469999313354492 2.5223372357846707e-44 2.6624670822171524e-44 2.382207389352189e-44 3968 3964
 29.479999542236328 2.5223372357846707e-44 2.6624670822171524e-44 2.382207389352189e-44 3968 3964
 29.479999542236328 2.5223372357846707e-44 2.6624670822171524e-44 2.382207389352189e-44 3964 3964
 29.530000686645508 2.5223372357846707e-44 2.6624670822171524e-44 2.382207389352189e-44 3964 3966
 29.549999237060547 2.5223372357846707e-44 2.6624670822171524e-44 2.382207389352189e-44 3964 3966
 29.56999969482422 2.5223372357846707e-44 2.6624670822171524e-44 2.382207389352189e-44 3964 3966
 29.59000015258789 2.5223372357846707e-44 2.6624670822171524e-44 2.382207389352189e-44 3964 3966
 29.59000015258789 2.5223372357846707e-44 2.6624670822171524e-44 2.382207389352189e-44 3964 3966
 29.6299991607666 2.5223372357846707e-44 2.6624670822171524e-44 2.382207389352189e-44 3969 3967
 29.649999618530273 2.5223372357846707e-44 2.6624670822171524e-44 2.382207389352189e-44 3969 3967
 29.670000076293945 2.5223372357846707e-44 2.6624670822171524e-44 2.382207389352189e-44 3969 3967
 29.690000534057617 2.5223372357846707e-44 2.6624670822171524e-44 2.382207389352189e-44 3969 3967
 29.700000762939453 2.5223372357846707e-44 2.6624670822171524e-44 2.382207389352189e-44 3969 3967
 29.700000762939453 2.5223372357846707e-44 2.6624670822171524e-44 2.382207389352189e-44 3965 3967
 29.75 2.5223372357846707e-44 2.6624670822171524e-44 2.382207389352189e-44 3965 3968
 29.770000457763672 2.5223372357846707e-44 2.6624670822171524e-44 2.382207389352189e-44 3965 3968
 29.790000915527344 2.5223372357846707e-44 2.6624670822171524e-44 2.382207389352189e-44 3965 3968
 29.809999465942383 2.5223372357846707e-44 2.6624670822171524e-44 2.382207389352189e-44 3965 3968
 29.809999465942383 2.5223372357846707e-44 2.6624670822171524e-44 2.382207389352189e-44 3965 3968
 29.850000381469727 2.5223372357846707e-44 2.6624670822171524e-44 2.382207389352189e-44 3967 3967
 29.8700008392334 2.5223372357846707e-44 2.6624670822171524e-44 2.382207389352189e-44 3967 3967
 29.889999389648438 2.5223372357846707e-44 2.6624670822171524e-44 2.382207389352189e-44 3967 3967
 29.90999984741211 2.5223372357846707e-44 2.6624670822171524e-44 2.382207389352189e-44 3967 3967
 29.920000076293945 2.5223372357846707e-44 2.6624670822171524e-44 2.382207389352189e-44 3967 3967
 29.920000076293945 2.5223372357846707e-44 2.6624670822171524e-44 2.382207389352189e-44 3962 3967
 29.969999313354492 2.5223372357846707e-44 2.6624670822171524e-44 2.382207389352189e-44 3962 3970
 29.989999771118164 2.5223372357846707e-44 2.6624670822171524e-44 2.382207389352189e-44 3962 3970
 30.010000228881836 2.5223372357846707e-44 2.6624670822171524e-44 2.382207389352189e-44 3962 3970
 30.030000686645508 2.5223372357846707e-44 2.6624670822171524e-44 2.382207389352189e-44 3962 3970
 30.030000686645508 2.5223372357846707e-44 2.6624670822171524e-44 2.382207389352189e-44 3962 3970
 30.06999969482422 2.5223372357846707e-44 2.6624670822171524e-44 2.382207389352189e-44 3964 3965
 30.09000015258789 2.5223372357846707e-44 2.6624670822171524e-44 2.382207389352189e-44 3964 3965
 30.110000610351562 2.5223372357846707e-44 2.6624670822171524e-44 2.382207389352189e-44 3964 3965
 30.1299991607666 2.5223372357846707e-44 2.6624670822171524e-44 2.382207389352189e-44 3964 3965
 30.139999389648438 2.5223372357846707e-44 2.6624670822171524e-44 2.382207389352189e-44 3964 3965
 30.139999389648438 2.5223372357846707e-44 2.6624670822171524e-44 2.382207389352189e-44 3959 3965
 30.190000534057617 2.5223372357846707e-44 2.6624670822171524e-44 2.382207389352189e-44 3959 3969
 30.209999084472656 2.5223372357846707e-44 2.6624670822171524e-44 2.382207389352189e-44 3959 3969
 30.229999542236328 2.5223372357846707e-44 2.6624670822171524e-44 2.382207389352189e-44 3959 3969
 30.25 2.5223372357846707e-44 2.6624670822171524e-44 2.382207389352189e-44 3959 3969
 30.25 2.5223372357846707e-44 2.6624670822171524e-44 2.382207389352189e-44 3959 3969
 30.290000915527344 2.5223372357846707e-44 2.6624670822171524e-44 2.382207389352189e-44 3963 3964
 30.309999465942383 2.5223372357846707e-44 2.6624670822171524e-44 2.382207389352189e-44 3963 3964
 30.329999923706055 2.5223372357846707e-44 2.6624670822171524e-44 2.382207389352189e-44 3963 3964
 30.350000381469727 2.5223372357846707e-44 2.6624670822171524e-44 2.382207389352189e-44 3963 3964
 30.360000610351562 2.5223372357846707e-44 2.6624670822171524e-44 2.382207389352189e-44 3963 3964
 30.360000610351562 2.5223372357846707e-44 2.6624670822171524e-44 2.382207389352189e-44 3958 3964
 30.40999984741211 2.5223372357846707e-44 2.6624670822171524e-44 2.382207389352189e-44 3958 3966
 30.43000030517578 2.5223372357846707e-44 2.6624670822171524e-44 2.382207389352189e-44 3958 3966
 30.450000762939453 2.5223372357846707e-44 2.6624670822171524e-44 2.382207389352189e-44 3958 3966
 30.469999313354492 2.5223372357846707e-44 2.6624670822171524e-44 2.382207389352189e-44 3958 3966
 30.469999313354492 2.5223372357846707e-44 2.6624670822171524e-44 2.382207389352189e-44 3958 3966
 30.510000228881836 2.5223372357846707e-44 2.6624670822171524e-44 2.382207389352189e-44 3965 3965
 30.530000686645508 2.5223372357846707e-44 2.6624670822171524e-44 2.382207389352189e-44 3965 3965
 30.549999237060547 2.5223372357846707e-44 2.6624670822171524e-44 2.382207389352189e-44 3965 3965
 30.56999969482422 2.5223372357846707e-44 2.6624670822171524e-44 2.382207389352189e-44 3965 3965
 30.579999923706055 2.5223372357846707e-44 2.6624670822171524e-44 2.382207389352189e-44 3965 3965
 30.579999923706055 2.5223372357846707e-44 2.6624670822171524e-44 2.382207389352189e-44 3963 3965
 30.6299991607666 2.5223372357846707e-44 2.6624670822171524e-44 2.382207389352189e-44 3963 3966
 30.649999618530273 2.5223372357846707e-44 2.6624670822171524e-44 2.382207389352189e-44 3963 3966
 30.670000076293945 2.5223372357846707e-44 2.6624670822171524e-44 2.382207389352189e-44 3963 3966
 30.690000534057617 2.5223372357846707e-44 2.6624670822171524e-44 2.382207389352189e-44 3963 3966
 30.690000534057617 2.5223372357846707e-44 2.6624670822171524e-44 2.382207389352189e-44 3963 3966
 30.729999542236328 2.5223372357846707e-44 2.6624670822171524e-44 2.382207389352189e-44 3965 3965
 30.75 2.5223372357846707e-44 2.6624670822171524e-44 2.382207389352189e-44 3965 3965
 30.770000457763672 2.5223372357846707e-44 2.6624670822171524e-44 2.382207389352189e-44 3965 3965
 30.790000915527344 2.5223372357846707e-44 2.6624670822171524e-44 2.382207389352189e-44 3965 3965
 30.799999237060547 2.5223372357846707e-44 2.6624670822171524e-44 2.382207389352189e-44 3965 3965
 30.799999237060547 2.5223372357846707e-44 2.6624670822171524e-44 2.382207389352189e-44 3965 3965
 30.850000381469727 2.5223372357846707e-44 2.6624670822171524e-44 2.382207389352189e-44 3965 3968
 30.8700008392334 2.5223372357846707e-44 2.6624670822171524e-44 2.382207389352189e-44 3965 3968
 30.889999389648438 2.5223372357846707e-44 2.6624670822171524e-44 2.382207389352189e-44 3965 3968
 30.90999984741211 2.5223372357846707e-44 2.6624670822171524e-44 2.382207389352189e-44 3965 3968
 30.90999984741211 2.5223372357846707e-44 2.6624670822171524e-44 2.382207389352189e-44 3965 3968
 30.950000762939453 2.5223372357846707e-44 2.6624670822171524e-44 2.382207389352189e-44 3965 3967
 30.969999313354492 2.5223372357846707e-44 2.6624670822171524e-44 2.382207389352189e-44 3965 3967
 30.989999771118164 2.5223372357846707e-44 2.6624670822171524e-44 2.382207389352189e-44 3965 3967
 31.010000228881836 2.5223372357846707e-44 2.6624670822171524e-44 2.382207389352189e-44 3965 3967
 31.020000457763672 2.5223372357846707e-44 2.6624670822171524e-44 2.382207389352189e-44 3965 3967
 31.020000457763672 2.5223372357846707e-44 2.6624670822171524e-44 2.382207389352189e-44 3963 3967
 31.06999969482422 2.5223372357846707e-44 2.6624670822171524e-44 2.382207389352189e-44 3963 3967
 31.09000015258789 2.5223372357846707e-44 2.6624670822171524e-44 2.382207389352189e-44 3963 3967
 31.110000610351562 2.5223372357846707e-44 2.6624670822171524e-44 2.382207389352189e-44 3963 3967
 31.1299991607666 2.5223372357846707e-44 2.6624670822171524e-44 2.382207389352189e-44 3963 3967
 31.1299991607666 2.5223372357846707e-44 2.6624670822171524e-44 2.382207389352189e-44 3963 3967
 31.170000076293945 2.5223372357846707e-44 2.6624670822171524e-44 2.382207389352189e-44 3963 3966
 31.190000534057617 2.5223372357846707e-44 2.6624670822171524e-44 2.382207389352189e-44 3963 3966
 31.209999084472656 2.5223372357846707e-44 2.6624670822171524e-44 2.382207389352189e-44 3963 3966
 31.229999542236328 2.5223372357846707e-44 2.6624670822171524e-44 2.382207389352189e-44 3963 3966
 31.239999771118164 2.5223372357846707e-44 2.6624670822171524e-44 2.382207389352189e-44 3963 3966
 31.239999771118164 2.5223372357846707e-44 2.6624670822171524e-44 2.382207389352189e-44 3961 3966
 31.290000915527344 2.5223372357846707e-44 2.6624670822171524e-44 2.382207389352189e-44 3961 3967
