 22.8700008392334 0.3240966796875 9.4866943359375 -2.373046875 3957 3447 0.0
 22.8799991607666 0.3131103515625 9.4866943359375 -2.373046875 3957 3447 0.0
 22.8799991607666 0.3131103515625 9.4866943359375 -2.373046875 3957 3447 0.0
 22.930999755859375 0.3131103515625 9.4866943359375 -2.373046875 3957 3445 0.0
 22.950000762939453 0.3131103515625 9.4866943359375 -2.373046875 3957 3445 0.0
 22.969999313354492 0.3131103515625 9.4866943359375 -2.373046875 3957 3445 0.0
 22.989999771118164 0.3131103515625 9.4866943359375 -2.373046875 3957 3445 0.0
 22.989999771118164 0.3131103515625 9.4866943359375 -2.373046875 3957 3445 0.9909782409667969
 23.041000366210938 0.3131103515625 9.4866943359375 -2.373046875 3959 3445 0.9909782409667969
 23.06999969482422 0.3131103515625 9.4866943359375 -2.373046875 3959 3445 0.9909782409667969
 23.06999969482422 0.3131103515625 9.4866943359375 -2.373046875 3959 3445 0.9909782409667969
 23.09000015258789 0.3131103515625 9.4866943359375 -2.373046875 3959 3445 0.9909782409667969
 23.100000381469727 0.3131103515625 9.4866943359375 -2.373046875 3959 3445 0.9909782409667969
 23.100000381469727 0.3131103515625 9.4866943359375 -2.373046875 3956 3445 0.0
 23.150999069213867 0.3076171875 9.4866943359375 -2.373046875 3956 3445 0.0
 23.170000076293945 0.3076171875 9.4866943359375 -2.3785400390625 3956 3445 0.0
 23.190000534057617 0.3076171875 9.4866943359375 -2.3785400390625 3956 3445 0.0
 23.209999084472656 0.3076171875 9.4866943359375 -2.3785400390625 3956 3445 0.0
 23.209999084472656 0.3076171875 9.4866943359375 -2.3785400390625 3956 3445 0.0
 23.26099967956543 0.3076171875 9.4866943359375 -2.3785400390625 3956 3447 0.0
 23.270000457763672 0.3076171875 9.4866943359375 -2.3785400390625 3956 3447 0.0
 23.290000915527344 0.3076171875 9.4866943359375 -2.3785400390625 3956 3447 0.0
 23.309999465942383 0.3076171875 9.4866943359375 -2.3785400390625 3956 3447 0.0
 23.31999969482422 0.3076171875 9.4866943359375 -2.3785400390625 3956 3447 0.0
 23.31999969482422 0.3076171875 9.4866943359375 -2.3785400390625 3955 3447 0.0
 23.371000289916992 0.3076171875 9.4866943359375 -2.3785400390625 3955 3450 0.0
 23.389999389648438 0.3076171875 9.4866943359375 -2.3785400390625 3955 3450 0.0
 23.40999984741211 0.3076171875 9.4866943359375 -2.3785400390625 3955 3450 0.0
 23.43000030517578 0.3076171875 9.4866943359375 -2.3785400390625 3955 3450 0.0
 23.43000030517578 0.3076171875 9.4866943359375 -2.3785400390625 3955 3450 0.0
 23.481000900268555 0.3076171875 9.4866943359375 -2.3785400390625 3956 3446 0.0
 23.489999771118164 0.3021240234375 9.4866943359375 -2.3785400390625 3956 3446 0.0
 23.510000228881836 0.3021240234375 9.4866943359375 -2.3785400390625 3956 3446 0.0
 23.530000686645508 0.3021240234375 9.4866943359375 -2.3785400390625 3956 3446 0.0
 23.540000915527344 0.3021240234375 9.4866943359375 -2.3785400390625 3956 3446 0.0
 23.540000915527344 0.3021240234375 9.4866943359375 -2.3785400390625 3957 3446 0.0
 23.590999603271484 0.3021240234375 9.4866943359375 -2.3785400390625 3957 3444 0.0
 23.610000610351562 0.3021240234375 9.4866943359375 -2.384033203125 3957 3444 0.0
 23.6299991607666 0.3021240234375 9.4866943359375 -2.384033203125 3957 3444 0.0
 23.649999618530273 0.3021240234375 9.4866943359375 -2.384033203125 3957 3444 0.0
 23.649999618530273 0.3021240234375 9.4866943359375 -2.384033203125 3957 3444 0.9909782409667969
 23.701000213623047 0.3021240234375 9.4866943359375 -2.384033203125 3958 3450 0.9909782409667969
 23.709999084472656 0.3021240234375 9.4866943359375 -2.384033203125 3958 3450 0.9909782409667969
 23.729999542236328 0.3021240234375 9.4866943359375 -2.384033203125 3958 3450 0.9909782409667969
 23.75 0.3021240234375 9.4866943359375 -2.384033203125 3958 3450 0.9909782409667969
 23.760000228881836 0.3021240234375 9.4866943359375 -2.384033203125 3958 3450 0.9909782409667969
 23.760000228881836 0.3021240234375 9.4866943359375 -2.384033203125 3954 3450 0.0
 23.81100082397461 0.3021240234375 9.4866943359375 -2.384033203125 3954 3452 0.0
 23.829999923706055 0.3021240234375 9.4866943359375 -2.384033203125 3954 3452 0.0
 23.850000381469727 0.3021240234375 9.4866943359375 -2.384033203125 3954 3452 0.0
 23.8700008392334 0.3021240234375 9.4866943359375 -2.384033203125 3954 3452 0.0
 23.8700008392334 0.3021240234375 9.4866943359375 -2.384033203125 3954 3452 -0.9909763336181641
 23.92099952697754 0.3021240234375 9.4866943359375 -2.384033203125 3958 3446 -0.9909763336181641
 23.93000030517578 0.3021240234375 9.4866943359375 -2.384033203125 3958 3446 -0.9909763336181641
 23.950000762939453 0.3021240234375 9.4866943359375 -2.384033203125 3958 3446 -0.9909763336181641
 23.969999313354492 0.3021240234375 9.4866943359375 -2.384033203125 3958 3446 -0.9909763336181641
 23.979999542236328 0.3021240234375 9.4866943359375 -2.384033203125 3958 3446 -0.9909763336181641
 23.979999542236328 0.3021240234375 9.4866943359375 -2.384033203125 3957 3446 -0.9909763336181641
 24.0310001373291 0.3021240234375 9.4866943359375 -2.384033203125 3957 3450 -0.9909763336181641
 24.049999237060547 0.3021240234375 9.4866943359375 -2.384033203125 3957 3450 -0.9909763336181641
 24.06999969482422 0.3021240234375 9.4866943359375 -2.384033203125 3957 3450 -0.9909763336181641
 24.09000015258789 0.3021240234375 9.4921875 -2.384033203125 3957 3450 -0.9909763336181641
 24.09000015258789 0.3021240234375 9.4921875 -2.384033203125 3957 3450 0.0
 24.141000747680664 0.3021240234375 9.4866943359375 -2.384033203125 3961 3447 0.0
 24.149999618530273 0.3021240234375 9.4866943359375 -2.384033203125 3961 3447 0.0
 24.170000076293945 0.3021240234375 9.4866943359375 -2.384033203125 3961 3447 0.0
 24.190000534057617 0.3021240234375 9.4921875 -2.384033203125 3961 3447 0.0
 24.200000762939453 0.3021240234375 9.4921875 -2.384033203125 3961 3447 0.0
 24.200000762939453 0.3021240234375 9.4921875 -2.384033203125 3958 3447 0.9909782409667969
 24.250999450683594 0.3021240234375 9.4921875 -2.384033203125 3958 3448 0.9909782409667969
 24.270000457763672 0.3021240234375 9.4921875 -2.384033203125 3958 3448 0.9909782409667969
 24.290000915527344 0.3076171875 9.4921875 -2.384033203125 3958 3448 0.9909782409667969
 24.309999465942383 0.3076171875 9.4921875 -2.384033203125 3958 3448 0.9909782409667969
 24.309999465942383 0.3076171875 9.4921875 -2.384033203125 3958 3448 0.0
 24.361000061035156 0.3076171875 9.4921875 -2.384033203125 3957 3449 0.0
 24.3700008392334 0.3076171875 9.4921875 -2.384033203125 3957 3449 0.0
 24.389999389648438 0.3076171875 9.4921875 -2.384033203125 3957 3449 0.0
 24.40999984741211 0.3076171875 9.4921875 -2.384033203125 3957 3449 0.0
 24.420000076293945 0.3076171875 9.4921875 -2.384033203125 3957 3449 0.0
 24.420000076293945 0.3076171875 9.4921875 -2.384033203125 3958 3449 0.0
 24.47100067138672 0.3076171875 9.4921875 -2.384033203125 3958 3447 0.0
 24.489999771118164 0.3076171875 9.4921875 -2.384033203125 3958 3447 0.0
 24.510000228881836 0.3076171875 9.4921875 -2.384033203125 3958 3447 0.0
 24.530000686645508 0.3076171875 9.4921875 -2.384033203125 3958 3447 0.0
 24.530000686645508 0.3076171875 9.4921875 -2.384033203125 3958 3447 0.0
 24.58099937438965 0.3076171875 9.4866943359375 -2.384033203125 3957 3448 0.0
 24.59000015258789 0.3076171875 9.4866943359375 -2.384033203125 3957 3448 0.0
 24.610000610351562 0.3076171875 9.4866943359375 -2.384033203125 3957 3448 0.0
 24.6299991607666 0.3076171875 9.4921875 -2.384033203125 3957 3448 0.0
 24.639999389648438 0.3076171875 9.4921875 -2.384033203125 3957 3448 0.0
 24.639999389648438 0.3076171875 9.4921875 -2.384033203125 3958 3448 -0.9909763336181641
 24.69099998474121 0.3076171875 9.4921875 -2.384033203125 3958 3449 -0.9909763336181641
 24.709999084472656 0.3076171875 9.4921875 -2.384033203125 3958 3449 -0.9909763336181641
 24.729999542236328 0.3131103515625 9.4921875 -2.384033203125 3958 3449 -0.9909763336181641
 24.75 0.3131103515625 9.4921875 -2.384033203125 3958 3449 -0.9909763336181641
 24.75 0.3131103515625 9.4921875 -2.384033203125 3958 3449 0.0
 24.801000595092773 0.3131103515625 9.4921875 -2.384033203125 3957 3446 0.0
 24.809999465942383 0.3131103515625 9.4921875 -2.384033203125 3957 3446 0.0
 24.829999923706055 0.3131103515625 9.4921875 -2.384033203125 3957 3446 0.0
 24.850000381469727 0.3131103515625 9.4921875 -2.384033203125 3957 3446 0.0
 24.860000610351562 0.3131103515625 9.4921875 -2.384033203125 3957 3446 0.0
 24.860000610351562 0.3131103515625 9.4921875 -2.384033203125 3955 3446 0.0
 24.910999298095703 0.3131103515625 9.4921875 -2.384033203125 3955 3447 0.0
 24.93000030517578 0.3131103515625 9.4921875 -2.384033203125 3955 3447 0.0
 24.950000762939453 0.3131103515625 9.4921875 -2.384033203125 3955 3447 0.0
 24.969999313354492 0.3131103515625 9.4921875 -2.384033203125 3955 3447 0.0
 24.969999313354492 0.3131103515625 9.4921875 -2.384033203125 3955 3447 0.0
 25.020999908447266 0.3131103515625 9.4921875 -2.384033203125 3959 3447 0.0
 25.030000686645508 0.3131103515625 9.4921875 -2.384033203125 3959 3447 0.0
 25.049999237060547 0.3131103515625 9.4921875 -2.384033203125 3959 3447 0.0
 25.06999969482422 0.3131103515625 9.4921875 -2.384033203125 3959 3447 0.0
 25.079999923706055 0.3131103515625 9.4921875 -2.384033203125 3959 3447 0.0
 25.079999923706055 0.3131103515625 9.4921875 -2.384033203125 3953 3447 0.0
 25.131000518798828 0.3131103515625 9.4921875 -2.384033203125 3953 3445 0.0
 25.149999618530273 0.3131103515625 9.4921875 -2.384033203125 3953 3445 0.0
 25.170000076293945 0.3131103515625 9.4921875 -2.384033203125 3953 3445 0.0
 25.190000534057617 0.3131103515625 9.4921875 -2.384033203125 3953 3445 0.0
 25.190000534057617 0.3131103515625 9.4921875 -2.384033203125 3953 3445 0.0
 25.240999221801758 0.3131103515625 9.4921875 -2.384033203125 3963 3445 0.0
 25.25 0.3131103515625 9.4921875 -2.384033203125 3963 3445 0.0
 25.270000457763672 0.3131103515625 9.4921875 -2.384033203125 3963 3445 0.0
 25.290000915527344 0.3131103515625 9.4921875 -2.384033203125 3963 3445 0.0
 25.299999237060547 0.3131103515625 9.4921875 -2.384033203125 3963 3445 0.0
 25.299999237060547 0.3131103515625 9.4921875 -2.384033203125 3953 3445 0.0
 25.35099983215332 0.3131103515625 9.4921875 -2.384033203125 3953 3449 0.0
 25.3700008392334 0.3131103515625 9.4921875 -2.384033203125 3953 3449 0.0
 25.389999389648438 0.3131103515625 9.4921875 -2.384033203125 3953 3449 0.0
 25.40999984741211 0.318603515625 9.4921875 -2.384033203125 3953 3449 0.0
 25.40999984741211 0.318603515625 9.4921875 -2.384033203125 3953 3449 0.0
 25.461000442504883 0.318603515625 9.4921875 -2.384033203125 3958 3445 0.0
 25.469999313354492 0.318603515625 9.4921875 -2.384033203125 3958 3445 0.0
 25.489999771118164 0.318603515625 9.4921875 -2.384033203125 3958 3445 0.0
 25.510000228881836 0.318603515625 9.4921875 -2.384033203125 3958 3445 0.0
 25.520000457763672 0.318603515625 9.4921875 -2.384033203125 3958 3445 0.0
 25.520000457763672 0.318603515625 9.4921875 -2.384033203125 3956 3445 0.0
 25.570999145507812 0.318603515625 9.4921875 -2.384033203125 3956 3445 0.0
 25.59000015258789 0.318603515625 9.4921875 -2.384033203125 3956 3445 0.0
 25.610000610351562 0.318603515625 9.4921875 -2.384033203125 3956 3445 0.0
 25.6299991607666 0.318603515625 9.4921875 -2.384033203125 3956 3445 0.0
 25.6299991607666 0.318603515625 9.4921875 -2.384033203125 3956 3445 0.0
 25.680999755859375 0.318603515625 9.4921875 -2.384033203125 3957 3446 0.0
 25.690000534057617 0.318603515625 9.4921875 -2.384033203125 3957 3446 0.0
 25.709999084472656 0.318603515625 9.4921875 -2.384033203125 3957 3446 0.0
 25.729999542236328 0.318603515625 9.4921875 -2.384033203125 3957 3446 0.0
 25.739999771118164 0.318603515625 9.4921875 -2.384033203125 3957 3446 0.0
 25.739999771118164 0.318603515625 9.4921875 -2.384033203125 3960 3446 0.0
 25.791000366210938 0.318603515625 9.4921875 -2.384033203125 3960 3449 0.0
 25.809999465942383 0.318603515625 9.4921875 -2.384033203125 3960 3449 0.0
 25.829999923706055 0.318603515625 9.4921875 -2.384033203125 3960 3449 0.0
 25.850000381469727 0.318603515625 9.4921875 -2.384033203125 3960 3449 0.0
 25.850000381469727 0.318603515625 9.4921875 -2.384033203125 3960 3449 0.0
 25.900999069213867 0.318603515625 9.4921875 -2.384033203125 3959 3445 0.0
 25.90999984741211 0.318603515625 9.4921875 -2.384033203125 3959 3445 0.0
 25.93000030517578 0.318603515625 9.4921875 -2.384033203125 3959 3445 0.0
 25.950000762939453 0.318603515625 9.4921875 -2.384033203125 3959 3445 0.0
 25.959999084472656 0.318603515625 9.4921875 -2.384033203125 3959 3445 0.0
 25.959999084472656 0.318603515625 9.4921875 -2.384033203125 3957 3445 0.0
 26.01099967956543 0.318603515625 9.4921875 -2.384033203125 3957 3447 0.0
 26.030000686645508 0.318603515625 9.4921875 -2.384033203125 3957 3447 0.0
 26.049999237060547 0.3240966796875 9.4921875 -2.384033203125 3957 3447 0.0
