 19.639999389648438 0.0 0.0 0.0 3956 3412 30771.84375
 19.65999984741211 0.0 0.0 0.0 3956 3412 30760.943359375
 19.65999984741211 0.0 0.0 0.0 3957 3412 30754.998046875
 19.700000762939453 0.0 0.0 0.0 3957 3428 30754.998046875
 19.719999313354492 0.0 0.0 0.0 3957 3428 -162.52037048339844
 19.739999771118164 0.0 0.0 0.0 3957 3428 30769.86328125
 19.760000228881836 0.0 0.0 0.0 3957 3428 30760.943359375
 19.780000686645508 0.0 0.0 0.0 3957 3428 30754.998046875
 19.799999237060547 0.0 0.0 0.0 3957 3428 30753.015625
 19.81999969482422 0.0 0.0 0.0 3957 3428 30750.04296875
 19.84000015258789 0.0 0.0 0.0 3957 3428 30749.052734375
 19.860000610351562 0.0 0.0 0.0 3957 3428 30747.0703125
 19.8799991607666 0.0 0.0 0.0 3957 3428 30746.078125
 19.899999618530273 0.0 0.0 0.0 3957 3428 30745.087890625
 19.899999618530273 0.0 0.0 0.0 3959 3428 30744.09765625
 19.940000534057617 0.0 0.0 0.0 3959 3422 30744.09765625
 19.959999084472656 0.0 0.0 0.0 3959 3422 -162.52037048339844
 19.979999542236328 0.0 0.0 0.0 3959 3422 30763.916015625
 20.0 0.0 0.0 0.0 3959 3422 30756.98046875
 20.020000457763672 0.0 0.0 0.0 3959 3422 30752.025390625
 20.040000915527344 0.0 0.0 0.0 3959 3422 30750.04296875
 20.059999465942383 0.0 0.0 0.0 3959 3422 30748.060546875
 20.079999923706055 0.0 0.0 0.0 3959 3422 30746.078125
 20.100000381469727 0.0 0.0 0.0 3959 3422 30746.078125
 20.1200008392334 0.0 0.0 0.0 3959 3422 30744.09765625
 20.139999389648438 0.0 0.0 0.0 3959 3422 30744.09765625
 20.139999389648438 0.0 0.0 0.0 3956 3422 30743.10546875
 20.18000030517578 0.0 0.0 0.0 3956 3426 30743.10546875
 20.200000762939453 0.0 0.0 0.0 3956 3426 -161.52938842773438
 20.219999313354492 0.0 0.0 0.0 3956 3426 30762.92578125
 20.239999771118164 0.0 0.0 0.0 3956 3426 30754.998046875
 20.260000228881836 0.0 0.0 0.0 3956 3426 30752.025390625
 20.280000686645508 0.0 0.0 0.0 3956 3426 30748.060546875
 20.299999237060547 0.0 0.0 0.0 3956 3426 30747.0703125
 20.31999969482422 0.0 0.0 0.0 3956 3426 30746.078125
 20.34000015258789 0.0 0.0 0.0 3956 3426 30745.087890625
 20.360000610351562 0.0 0.0 0.0 3956 3426 30744.09765625
 20.3799991607666 0.0 0.0 0.0 3956 3426 30743.10546875
 20.3799991607666 0.0 0.0 0.0 3958 3426 30743.10546875
 20.420000076293945 0.0 0.0 0.0 3958 3424 30743.10546875
 20.440000534057617 0.0 0.0 0.0 3958 3424 -161.52938842773438
 20.459999084472656 0.0 0.0 0.0 3958 3424 30762.92578125
 20.479999542236328 0.0 0.0 0.0 3958 3424 30755.98828125
 20.5 0.0 0.0 0.0 3958 3424 30750.04296875
 20.520000457763672 0.0 0.0 0.0 3958 3424 30748.060546875
 20.540000915527344 0.0 0.0 0.0 3958 3424 30747.0703125
 20.559999465942383 0.0 0.0 0.0 3958 3424 30746.078125
 20.579999923706055 0.0 0.0 0.0 3958 3424 30744.09765625
 20.600000381469727 0.0 0.0 0.0 3958 3424 30744.09765625
 20.6200008392334 0.0 0.0 0.0 3958 3424 30743.10546875
 20.6200008392334 0.0 0.0 0.0 3957 3424 30743.10546875
 20.65999984741211 0.0 0.0 0.0 3957 3419 30743.10546875
 20.68000030517578 0.0 0.0 0.0 3957 3419 -161.52938842773438
 20.700000762939453 0.0 0.0 0.0 3957 3419 30763.916015625
 20.719999313354492 0.0 0.0 0.0 3957 3419 30755.98828125
 20.739999771118164 0.0 0.0 0.0 3957 3419 30751.033203125
 20.760000228881836 0.0 0.0 0.0 3957 3419 30748.060546875
 20.780000686645508 0.0 0.0 0.0 3957 3419 30745.087890625
 20.799999237060547 0.0 0.0 0.0 3957 3419 30745.087890625
 20.81999969482422 0.0 0.0 0.0 3957 3419 30744.09765625
 20.84000015258789 0.0 0.0 0.0 3957 3419 30744.09765625
 20.860000610351562 0.0 0.0 0.0 3957 3419 30744.09765625
 20.860000610351562 0.0 0.0 0.0 3957 3419 30743.10546875
 20.899999618530273 0.0 0.0 0.0 3957 3420 30743.10546875
 20.920000076293945 0.0 0.0 0.0 3957 3420 -161.52938842773438
 20.940000534057617 0.0 0.0 0.0 3957 3420 30762.92578125
 20.959999084472656 0.0 0.0 0.0 3957 3420 30754.005859375
 20.979999542236328 0.0 0.0 0.0 3957 3420 30751.033203125
 21.020000457763672 0.0 0.0 0.0 3957 3420 30747.0703125
 21.040000915527344 0.0 0.0 0.0 3957 3420 30746.078125
 21.059999465942383 0.0 0.0 0.0 3957 3420 30745.087890625
 21.079999923706055 0.0 0.0 0.0 3957 3420 30745.087890625
 21.100000381469727 0.0 0.0 0.0 3957 3420 30744.09765625
 21.100000381469727 0.0 0.0 0.0 3954 3420 30743.10546875
 21.139999389648438 0.0 0.0 0.0 3954 3416 30743.10546875
 21.15999984741211 0.0 0.0 0.0 3954 3416 -160.5384063720703
 21.18000030517578 0.0 0.0 0.0 3954 3416 30761.935546875
 21.200000762939453 0.0 0.0 0.0 3954 3416 30754.998046875
 21.219999313354492 0.0 0.0 0.0 3954 3416 30750.04296875
 21.239999771118164 0.0 0.0 0.0 3954 3416 30749.052734375
 21.260000228881836 0.0 0.0 0.0 3954 3416 30747.0703125
 21.280000686645508 0.0 0.0 0.0 3954 3416 30744.09765625
 21.299999237060547 0.0 0.0 0.0 3954 3416 30744.09765625
 21.31999969482422 0.0 0.0 0.0 3954 3416 30743.10546875
 21.34000015258789 0.0 0.0 0.0 3954 3416 30742.115234375
 21.34000015258789 0.0 0.0 0.0 3960 3416 30743.10546875
 21.3799991607666 0.0 0.0 0.0 3960 3430 30743.10546875
 21.399999618530273 0.0 0.0 0.0 3960 3430 -161.52938842773438
 21.420000076293945 0.0 0.0 0.0 3960 3430 30763.916015625
 21.440000534057617 0.0 0.0 0.0 3960 3430 30754.005859375
 21.459999084472656 0.0 0.0 0.0 3960 3430 30751.033203125
 21.479999542236328 0.0 0.0 0.0 3960 3430 30748.060546875
 21.5 0.0 0.0 0.0 3960 3430 30746.078125
 21.520000457763672 0.0 0.0 0.0 3960 3430 30744.09765625
 21.540000915527344 0.0 0.0 0.0 3960 3430 30744.09765625
 21.559999465942383 0.0 0.0 0.0 3960 3430 30744.09765625
 21.579999923706055 0.0 0.0 0.0 3960 3430 30743.10546875
 21.579999923706055 0.0 0.0 0.0 3958 3430 30743.10546875
 21.6200008392334 0.0 0.0 0.0 3958 3423 30743.10546875
 21.639999389648438 0.0 0.0 0.0 3958 3423 -159.5474395751953
 21.65999984741211 0.0 0.0 0.0 3958 3423 30762.92578125
 21.68000030517578 0.0 0.0 0.0 3958 3423 30754.998046875
 21.700000762939453 0.0 0.0 0.0 3958 3423 30750.04296875
 21.719999313354492 0.0 0.0 0.0 3958 3423 30748.060546875
 21.739999771118164 0.0 0.0 0.0 3958 3423 30747.0703125
 21.760000228881836 0.0 0.0 0.0 3958 3423 30745.087890625
 21.780000686645508 0.0 0.0 0.0 3958 3423 30744.09765625
 21.799999237060547 0.0 0.0 0.0 3958 3423 30744.09765625
 21.81999969482422 0.0 0.0 0.0 3958 3423 30744.09765625
 21.81999969482422 0.0 0.0 0.0 3959 3423 30743.10546875
 21.860000610351562 0.0 0.0 0.0 3959 3417 30743.10546875
 21.8799991607666 0.0 0.0 0.0 3959 3417 -162.52037048339844
 21.899999618530273 0.0 0.0 0.0 3959 3417 30761.935546875
 21.920000076293945 0.0 0.0 0.0 3959 3417 30754.005859375
 21.940000534057617 0.0 0.0 0.0 3959 3417 30749.052734375
 21.959999084472656 0.0 0.0 0.0 3959 3417 30749.052734375
 21.979999542236328 0.0 0.0 0.0 3959 3417 30747.0703125
 22.0 0.0 0.0 0.0 3959 3417 30745.087890625
 22.020000457763672 0.0 0.0 0.0 3959 3417 30744.09765625
 22.040000915527344 0.0 0.0 0.0 3959 3417 30743.10546875
 22.059999465942383 0.0 0.0 0.0 3959 3417 30744.09765625
 22.059999465942383 0.0 0.0 0.0 3957 3417 30743.10546875
 22.100000381469727 0.0 0.0 0.0 3957 3426 30743.10546875
 22.1200008392334 0.0 0.0 0.0 3957 3426 -160.5384063720703
 22.139999389648438 0.0 0.0 0.0 3957 3426 30763.916015625
 22.15999984741211 0.0 0.0 0.0 3957 3426 30754.998046875
 22.18000030517578 0.0 0.0 0.0 3957 3426 30751.033203125
 22.200000762939453 0.0 0.0 0.0 3957 3426 30748.060546875
 22.219999313354492 0.0 0.0 0.0 3957 3426 30746.078125
 22.239999771118164 0.0 0.0 0.0 3957 3426 30745.087890625
 22.260000228881836 0.0 0.0 0.0 3957 3426 30743.10546875
 22.280000686645508 0.0 0.0 0.0 3957 3426 30743.10546875
 22.299999237060547 0.0 0.0 0.0 3957 3426 30744.09765625
 22.299999237060547 0.0 0.0 0.0 3960 3426 30743.10546875
 22.34000015258789 0.0 0.0 0.0 3960 3417 30743.10546875
 22.360000610351562 0.0 0.0 0.0 3960 3417 -161.52938842773438
 22.3799991607666 0.0 0.0 0.0 3960 3417 30761.935546875
 22.399999618530273 0.0 0.0 0.0 3960 3417 30754.005859375
 22.420000076293945 0.0 0.0 0.0 3960 3417 30750.04296875
 22.440000534057617 0.0 0.0 0.0 3960 3417 30748.060546875
 22.459999084472656 0.0 0.0 0.0 3960 3417 30747.0703125
 22.479999542236328 0.0 0.0 0.0 3960 3417 30745.087890625
 22.5 0.0 0.0 0.0 3960 3417 30743.10546875
 22.520000457763672 0.0 0.0 0.0 3960 3417 30744.09765625
 22.540000915527344 0.0 0.0 0.0 3960 3417 30742.115234375
 22.540000915527344 0.0 0.0 0.0 3959 3417 30743.10546875
 22.579999923706055 0.0 0.0 0.0 3959 3434 30743.10546875
 22.600000381469727 0.0 0.0 0.0 3959 3434 -161.52938842773438
 22.6200008392334 0.0 0.0 0.0 3959 3434 30762.92578125
 22.639999389648438 0.0 0.0 0.0 3959 3434 30754.005859375
 22.65999984741211 0.0 0.0 0.0 3959 3434 30750.04296875
 22.68000030517578 0.0 0.0 0.0 3959 3434 30748.060546875
 22.700000762939453 0.0 0.0 0.0 3959 3434 30746.078125
 22.719999313354492 0.0 0.0 0.0 3959 3434 30745.087890625
 22.739999771118164 0.0 0.0 0.0 3959 3434 30744.09765625
 22.760000228881836 0.0 0.0 0.0 3959 3434 30744.09765625
 22.780000686645508 0.0 0.0 0.0 3959 3434 30744.09765625
 22.780000686645508 0.0 0.0 0.0 3957 3434 30744.09765625
 22.81999969482422 0.0 0.0 0.0 3957 3429 30744.09765625
 22.84000015258789 0.0 0.0 0.0 3957 3429 -161.52938842773438
 22.860000610351562 0.0 0.0 0.0 3957 3429 30763.916015625
 22.8799991607666 0.0 0.0 0.0 3957 3429 30754.005859375
 22.899999618530273 0.0 0.0 0.0 3957 3429 30750.04296875
 22.920000076293945 0.0 0.0 0.0 3957 3429 30749.052734375
 22.940000534057617 0.0 0.0 0.0 3957 3429 30746.078125
 22.959999084472656 0.0 0.0 0.0 3957 3429 30746.078125
 22.979999542236328 0.0 0.0 0.0 3957 3429 30743.10546875
 23.0 0.0 0.0 0.0 3957 3429 30744.09765625
 23.020000457763672 0.0 0.0 0.0 3957 3429 30744.09765625
 23.020000457763672 0.0 0.0 0.0 3958 3429 30744.09765625
 23.059999465942383 0.0 0.0 0.0 3958 3419 30744.09765625
 23.079999923706055 0.0 0.0 0.0 3958 3419 -162.52037048339844
 23.100000381469727 0.0 0.0 0.0 3958 3419 30763.916015625
 23.1200008392334 0.0 0.0 0.0 3958 3419 30754.005859375
 23.139999389648438 0.0 0.0 0.0 3958 3419 30750.04296875
 23.15999984741211 0.0 0.0 0.0 3958 3419 30748.060546875
 23.18000030517578 0.0 0.0 0.0 3958 3419 30747.0703125
 23.200000762939453 0.0 0.0 0.0 3958 3419 30745.087890625
 23.219999313354492 0.0 0.0 0.0 3958 3419 30745.087890625
 23.239999771118164 0.0 0.0 0.0 3958 3419 30744.09765625
 23.260000228881836 0.0 0.0 0.0 3958 3419 30744.09765625
 23.260000228881836 0.0 0.0 0.0 3958 3419 30744.09765625
 23.299999237060547 0.0 0.0 0.0 3958 3417 30744.09765625
 23.31999969482422 0.0 0.0 0.0 3958 3417 -161.52938842773438
 23.34000015258789 0.0 0.0 0.0 3958 3417 30762.92578125
 23.360000610351562 0.0 0.0 0.0 3958 3417 30754.998046875
 23.3799991607666 0.0 0.0 0.0 3958 3417 30750.04296875
 23.399999618530273 0.0 0.0 0.0 3958 3417 30749.052734375
 23.420000076293945 0.0 0.0 0.0 3958 3417 30746.078125
 23.440000534057617 0.0 0.0 0.0 3958 3417 30745.087890625
 23.459999084472656 0.0 0.0 0.0 3958 3417 30745.087890625
 23.479999542236328 0.0 0.0 0.0 3958 3417 30744.09765625
 23.5 0.0 0.0 0.0 3958 3417 30743.10546875
 23.5 0.0 0.0 0.0 3957 3417 30742.115234375
 23.540000915527344 0.0 0.0 0.0 3957 3423 30742.115234375
 23.559999465942383 0.0 0.0 0.0 3957 3423 -161.52938842773438
 23.579999923706055 0.0 0.0 0.0 3957 3423 30761.935546875
 23.600000381469727 0.0 0.0 0.0 3957 3423 30754.998046875
 23.6200008392334 0.0 0.0 0.0 3957 3423 30750.04296875
 23.639999389648438 0.0 0.0 0.0 3957 3423 30747.0703125
 23.65999984741211 0.0 0.0 0.0 3957 3423 30748.060546875
 23.68000030517578 0.0 0.0 0.0 3957 3423 30745.087890625
 23.700000762939453 0.0 0.0 0.0 3957 3423 30743.10546875
 23.719999313354492 0.0 0.0 0.0 3957 3423 30744.09765625
 23.739999771118164 0.0 0.0 0.0 3957 3423 30744.09765625
 23.739999771118164 0.0 0.0 0.0 3956 3423 30743.10546875
 23.780000686645508 0.0 0.0 0.0 3956 3422 30743.10546875
 23.799999237060547 0.0 0.0 0.0 3956 3422 -162.52037048339844
 23.81999969482422 0.0 0.0 0.0 3956 3422 30761.935546875
 23.84000015258789 0.0 0.0 0.0 3956 3422 30754.998046875
 23.860000610351562 0.0 0.0 0.0 3956 3422 30749.052734375
 23.8799991607666 0.0 0.0 0.0 3956 3422 30748.060546875
 23.899999618530273 0.0 0.0 0.0 3956 3422 30746.078125
 23.920000076293945 0.0 0.0 0.0 3956 3422 30745.087890625
 23.940000534057617 0.0 0.0 0.0 3956 3422 30746.078125
 23.959999084472656 0.0 0.0 0.0 3956 3422 30744.09765625
 23.979999542236328 0.0 0.0 0.0 3956 3422 30744.09765625
 23.979999542236328 0.0 0.0 0.0 3958 3422 30743.10546875
 24.020000457763672 0.0 0.0 0.0 3958 3419 30743.10546875
 24.040000915527344 0.0 0.0 0.0 3958 3419 -160.5384063720703
 24.059999465942383 0.0 0.0 0.0 3958 3419 30762.92578125
 24.079999923706055 0.0 0.0 0.0 3958 3419 30754.005859375
 24.100000381469727 0.0 0.0 0.0 3958 3419 30750.04296875
 24.1200008392334 0.0 0.0 0.0 3958 3419 30747.0703125
 24.139999389648438 0.0 0.0 0.0 3958 3419 30746.078125
 24.15999984741211 0.0 0.0 0.0 3958 3419 30745.087890625
 24.18000030517578 0.0 0.0 0.0 3958 3419 30745.087890625
 24.200000762939453 0.0 0.0 0.0 3958 3419 30743.10546875
 24.219999313354492 0.0 0.0 0.0 3958 3419 30744.09765625
 24.219999313354492 0.0 0.0 0.0 3958 3419 30743.10546875
 24.260000228881836 0.0 0.0 0.0 3958 3417 30743.10546875
 24.280000686645508 0.0 0.0 0.0 3958 3417 -162.52037048339844
 24.299999237060547 0.0 0.0 0.0 3958 3417 30762.92578125
 24.31999969482422 0.0 0.0 0.0 3958 3417 30754.998046875
 24.34000015258789 0.0 0.0 0.0 3958 3417 30751.033203125
 24.360000610351562 0.0 0.0 0.0 3958 3417 30747.0703125
 24.3799991607666 0.0 0.0 0.0 3958 3417 30748.060546875
 24.399999618530273 0.0 0.0 0.0 3958 3417 30746.078125
 24.420000076293945 0.0 0.0 0.0 3958 3417 30745.087890625
 24.440000534057617 0.0 0.0 0.0 3958 3417 30744.09765625
 24.459999084472656 0.0 0.0 0.0 3958 3417 30743.10546875
 24.459999084472656 0.0 0.0 0.0 3959 3417 30743.10546875
 24.5 0.0 0.0 0.0 3959 3416 30743.10546875
 24.520000457763672 0.0 0.0 0.0 3959 3416 -162.52037048339844
 24.540000915527344 0.0 0.0 0.0 3959 3416 30763.916015625
 24.559999465942383 0.0 0.0 0.0 3959 3416 30754.005859375
 24.579999923706055 0.0 0.0 0.0 3959 3416 30750.04296875
 24.600000381469727 0.0 0.0 0.0 3959 3416 30748.060546875
 24.6200008392334 0.0 0.0 0.0 3959 3416 30746.078125
 24.639999389648438 0.0 0.0 0.0 3959 3416 30746.078125
 24.65999984741211 0.0 0.0 0.0 3959 3416 30745.087890625
 24.68000030517578 0.0 0.0 0.0 3959 3416 30744.09765625
 24.700000762939453 0.0 0.0 0.0 3959 3416 30743.10546875
 24.700000762939453 0.0 0.0 0.0 3960 3416 30742.115234375
