 19.25 2.5223372357846707e-44 2.6624670822171524e-44 2.382207389352189e-44 3963 3967
 19.25 2.5223372357846707e-44 2.6624670822171524e-44 2.382207389352189e-44 3968 3967
 19.299999237060547 2.5223372357846707e-44 2.6624670822171524e-44 2.382207389352189e-44 3968 3969
 19.31999969482422 2.5223372357846707e-44 2.6624670822171524e-44 2.382207389352189e-44 3968 3969
 19.34000015258789 2.5223372357846707e-44 2.6624670822171524e-44 2.382207389352189e-44 3968 3969
 19.360000610351562 2.5223372357846707e-44 2.6624670822171524e-44 2.382207389352189e-44 3968 3969
 19.360000610351562 2.5223372357846707e-44 2.6624670822171524e-44 2.382207389352189e-44 3968 3969
 19.399999618530273 2.5223372357846707e-44 2.6624670822171524e-44 2.382207389352189e-44 3965 3965
 19.420000076293945 2.5223372357846707e-44 2.6624670822171524e-44 2.382207389352189e-44 3965 3965
 19.440000534057617 2.5223372357846707e-44 2.6624670822171524e-44 2.382207389352189e-44 3965 3965
 19.459999084472656 2.5223372357846707e-44 2.6624670822171524e-44 2.382207389352189e-44 3965 3965
 19.469999313354492 2.5223372357846707e-44 2.6624670822171524e-44 2.382207389352189e-44 3965 3965
 19.469999313354492 2.5223372357846707e-44 2.6624670822171524e-44 2.382207389352189e-44 3963 3965
 19.520000457763672 2.5223372357846707e-44 2.6624670822171524e-44 2.382207389352189e-44 3963 3967
 19.540000915527344 2.5223372357846707e-44 2.6624670822171524e-44 2.382207389352189e-44 3963 3967
 19.559999465942383 2.5223372357846707e-44 2.6624670822171524e-44 2.382207389352189e-44 3963 3967
 19.579999923706055 2.5223372357846707e-44 2.6624670822171524e-44 2.382207389352189e-44 3963 3967
 19.579999923706055 2.5223372357846707e-44 2.6624670822171524e-44 2.382207389352189e-44 3963 3967
 19.6200008392334 2.5223372357846707e-44 2.6624670822171524e-44 2.382207389352189e-44 3964 3970
 19.639999389648438 2.5223372357846707e-44 2.6624670822171524e-44 2.382207389352189e-44 3964 3970
 19.65999984741211 2.5223372357846707e-44 2.6624670822171524e-44 2.382207389352189e-44 3964 3970
 19.68000030517578 2.5223372357846707e-44 2.6624670822171524e-44 2.382207389352189e-44 3964 3970
 19.690000534057617 2.5223372357846707e-44 2.6624670822171524e-44 2.382207389352189e-44 3964 3970
 19.690000534057617 2.5223372357846707e-44 2.6624670822171524e-44 2.382207389352189e-44 3961 3970
 19.739999771118164 2.5223372357846707e-44 2.6624670822171524e-44 2.382207389352189e-44 3961 3965
 19.760000228881836 2.5223372357846707e-44 2.6624670822171524e-44 2.382207389352189e-44 3961 3965
 19.780000686645508 2.5223372357846707e-44 2.6624670822171524e-44 2.382207389352189e-44 3961 3965
 19.799999237060547 2.5223372357846707e-44 2.6624670822171524e-44 2.382207389352189e-44 3961 3965
 19.799999237060547 2.5223372357846707e-44 2.6624670822171524e-44 2.382207389352189e-44 3961 3965
 19.84000015258789 2.5223372357846707e-44 2.6624670822171524e-44 2.382207389352189e-44 3962 3965
 19.860000610351562 2.5223372357846707e-44 2.6624670822171524e-44 2.382207389352189e-44 3962 3965
 19.8799991607666 2.5223372357846707e-44 2.6624670822171524e-44 2.382207389352189e-44 3962 3965
 19.899999618530273 2.5223372357846707e-44 2.6624670822171524e-44 2.382207389352189e-44 3962 3965
 19.90999984741211 2.5223372357846707e-44 2.6624670822171524e-44 2.382207389352189e-44 3962 3965
 19.90999984741211 2.5223372357846707e-44 2.6624670822171524e-44 2.382207389352189e-44 3965 3965
 19.959999084472656 2.5223372357846707e-44 2.6624670822171524e-44 2.382207389352189e-44 3965 3967
 19.979999542236328 2.5223372357846707e-44 2.6624670822171524e-44 2.382207389352189e-44 3965 3967
 20.0 2.5223372357846707e-44 2.6624670822171524e-44 2.382207389352189e-44 3965 3967
 20.020000457763672 2.5223372357846707e-44 2.6624670822171524e-44 2.382207389352189e-44 3965 3967
 20.020000457763672 2.5223372357846707e-44 2.6624670822171524e-44 2.382207389352189e-44 3965 3967
 20.059999465942383 2.5223372357846707e-44 2.6624670822171524e-44 2.382207389352189e-44 3970 3968
 20.079999923706055 2.5223372357846707e-44 2.6624670822171524e-44 2.382207389352189e-44 3970 3968
 20.100000381469727 2.5223372357846707e-44 2.6624670822171524e-44 2.382207389352189e-44 3970 3968
 20.1200008392334 2.5223372357846707e-44 2.6624670822171524e-44 2.382207389352189e-44 3970 3968
 20.1299991607666 2.5223372357846707e-44 2.6624670822171524e-44 2.382207389352189e-44 3970 3968
 20.1299991607666 2.5223372357846707e-44 2.6624670822171524e-44 2.382207389352189e-44 3968 3968
 20.18000030517578 2.5223372357846707e-44 2.6624670822171524e-44 2.382207389352189e-44 3968 3969
 20.200000762939453 2.5223372357846707e-44 2.6624670822171524e-44 2.382207389352189e-44 3968 3969
 20.219999313354492 2.5223372357846707e-44 2.6624670822171524e-44 2.382207389352189e-44 3968 3969
 20.239999771118164 2.5223372357846707e-44 2.6624670822171524e-44 2.382207389352189e-44 3968 3969
 20.239999771118164 2.5223372357846707e-44 2.6624670822171524e-44 2.382207389352189e-44 3968 3969
 20.280000686645508 2.5223372357846707e-44 2.6624670822171524e-44 2.382207389352189e-44 3964 3966
 20.299999237060547 2.5223372357846707e-44 2.6624670822171524e-44 2.382207389352189e-44 3964 3966
 20.31999969482422 2.5223372357846707e-44 2.6624670822171524e-44 2.382207389352189e-44 3964 3966
 20.34000015258789 2.5223372357846707e-44 2.6624670822171524e-44 2.382207389352189e-44 3964 3966
 20.350000381469727 2.5223372357846707e-44 2.6624670822171524e-44 2.382207389352189e-44 3964 3966
 20.350000381469727 2.5223372357846707e-44 2.6624670822171524e-44 2.382207389352189e-44 3968 3966
 20.399999618530273 2.5223372357846707e-44 2.6624670822171524e-44 2.382207389352189e-44 3968 3964
 20.420000076293945 2.5223372357846707e-44 2.6624670822171524e-44 2.382207389352189e-44 3968 3964
 20.440000534057617 2.5223372357846707e-44 2.6624670822171524e-44 2.382207389352189e-44 3968 3964
 20.459999084472656 2.5223372357846707e-44 2.6624670822171524e-44 2.382207389352189e-44 3968 3964
 20.459999084472656 2.5223372357846707e-44 2.6624670822171524e-44 2.382207389352189e-44 3968 3964
 20.5 2.5223372357846707e-44 2.6624670822171524e-44 2.382207389352189e-44 3967 3969
 20.520000457763672 2.5223372357846707e-44 2.6624670822171524e-44 2.382207389352189e-44 3967 3969
 20.540000915527344 2.5223372357846707e-44 2.6624670822171524e-44 2.382207389352189e-44 3967 3969
 20.559999465942383 2.5223372357846707e-44 2.6624670822171524e-44 2.382207389352189e-44 3967 3969
 20.56999969482422 2.5223372357846707e-44 2.6624670822171524e-44 2.382207389352189e-44 3967 3969
 20.56999969482422 2.5223372357846707e-44 2.6624670822171524e-44 2.382207389352189e-44 3962 3969
 20.6200008392334 2.5223372357846707e-44 2.6624670822171524e-44 2.382207389352189e-44 3962 3964
 20.639999389648438 2.5223372357846707e-44 2.6624670822171524e-44 2.382207389352189e-44 3962 3964
 20.65999984741211 2.5223372357846707e-44 2.6624670822171524e-44 2.382207389352189e-44 3962 3964
 20.68000030517578 2.5223372357846707e-44 2.6624670822171524e-44 2.382207389352189e-44 3962 3964
 20.68000030517578 2.5223372357846707e-44 2.6624670822171524e-44 2.382207389352189e-44 3962 3964
 20.719999313354492 2.5223372357846707e-44 2.6624670822171524e-44 2.382207389352189e-44 3965 3964
 20.739999771118164 2.5223372357846707e-44 2.6624670822171524e-44 2.382207389352189e-44 3965 3964
 20.760000228881836 2.5223372357846707e-44 2.6624670822171524e-44 2.382207389352189e-44 3965 3964
 20.780000686645508 2.5223372357846707e-44 2.6624670822171524e-44 2.382207389352189e-44 3965 3964
 20.790000915527344 2.5223372357846707e-44 2.6624670822171524e-44 2.382207389352189e-44 3965 3964
 20.790000915527344 2.5223372357846707e-44 2.6624670822171524e-44 2.382207389352189e-44 3967 3964
 20.84000015258789 2.5223372357846707e-44 2.6624670822171524e-44 2.382207389352189e-44 3967 3967
 20.860000610351562 2.5223372357846707e-44 2.6624670822171524e-44 2.382207389352189e-44 3967 3967
 20.8799991607666 2.5223372357846707e-44 2.6624670822171524e-44 2.382207389352189e-44 3967 3967
 20.899999618530273 2.5223372357846707e-44 2.6624670822171524e-44 2.382207389352189e-44 3967 3967
 20.899999618530273 2.5223372357846707e-44 2.6624670822171524e-44 2.382207389352189e-44 3967 3967
 20.940000534057617 2.5223372357846707e-44 2.6624670822171524e-44 2.382207389352189e-44 3967 3966
 20.959999084472656 2.5223372357846707e-44 2.6624670822171524e-44 2.382207389352189e-44 3967 3966
 20.979999542236328 2.5223372357846707e-44 2.6624670822171524e-44 2.382207389352189e-44 3967 3966
 21.0 2.5223372357846707e-44 2.6624670822171524e-44 2.382207389352189e-44 3967 3966
 21.010000228881836 2.5223372357846707e-44 2.6624670822171524e-44 2.382207389352189e-44 3967 3966
 21.010000228881836 2.5223372357846707e-44 2.6624670822171524e-44 2.382207389352189e-44 3966 3966
 21.059999465942383 2.5223372357846707e-44 2.6624670822171524e-44 2.382207389352189e-44 3966 3971
 21.079999923706055 2.5223372357846707e-44 2.6624670822171524e-44 2.382207389352189e-44 3966 3971
 21.100000381469727 2.5223372357846707e-44 2.6624670822171524e-44 2.382207389352189e-44 3966 3971
 21.1200008392334 2.5223372357846707e-44 2.6624670822171524e-44 2.382207389352189e-44 3966 3971
 21.1200008392334 2.5223372357846707e-44 2.6624670822171524e-44 2.382207389352189e-44 3966 3971
 21.15999984741211 2.5223372357846707e-44 2.6624670822171524e-44 2.382207389352189e-44 3966 3967
 21.18000030517578 2.5223372357846707e-44 2.6624670822171524e-44 2.382207389352189e-44 3966 3967
 21.200000762939453 2.5223372357846707e-44 2.6624670822171524e-44 2.382207389352189e-44 3966 3967
 21.219999313354492 2.5223372357846707e-44 2.6624670822171524e-44 2.382207389352189e-44 3966 3967
 21.229999542236328 2.5223372357846707e-44 2.6624670822171524e-44 2.382207389352189e-44 3966 3967
 21.229999542236328 2.5223372357846707e-44 2.6624670822171524e-44 2.382207389352189e-44 3961 3967
 21.280000686645508 2.5223372357846707e-44 2.6624670822171524e-44 2.382207389352189e-44 3961 3968
 21.299999237060547 2.5223372357846707e-44 2.6624670822171524e-44 2.382207389352189e-44 3961 3968
 21.31999969482422 2.5223372357846707e-44 2.6624670822171524e-44 2.382207389352189e-44 3961 3968
 21.34000015258789 2.5223372357846707e-44 2.6624670822171524e-44 2.382207389352189e-44 3961 3968
 21.34000015258789 2.5223372357846707e-44 2.6624670822171524e-44 2.382207389352189e-44 3961 3968
 21.3799991607666 2.5223372357846707e-44 2.6624670822171524e-44 2.382207389352189e-44 3969 3969
 21.399999618530273 2.5223372357846707e-44 2.6624670822171524e-44 2.382207389352189e-44 3969 3969
 21.420000076293945 2.5223372357846707e-44 2.6624670822171524e-44 2.382207389352189e-44 3969 3969
 21.440000534057617 2.5223372357846707e-44 2.6624670822171524e-44 2.382207389352189e-44 3969 3969
 21.450000762939453 2.5223372357846707e-44 2.6624670822171524e-44 2.382207389352189e-44 3969 3969
 21.450000762939453 2.5223372357846707e-44 2.6624670822171524e-44 2.382207389352189e-44 3963 3969
 21.5 2.5223372357846707e-44 2.6624670822171524e-44 2.382207389352189e-44 3963 3967
 21.520000457763672 2.5223372357846707e-44 2.6624670822171524e-44 2.382207389352189e-44 3963 3967
 21.540000915527344 2.5223372357846707e-44 2.6624670822171524e-44 2.382207389352189e-44 3963 3967
 21.559999465942383 2.5223372357846707e-44 2.6624670822171524e-44 2.382207389352189e-44 3963 3967
 21.559999465942383 2.5223372357846707e-44 2.6624670822171524e-44 2.382207389352189e-44 3963 3967
 21.600000381469727 2.5223372357846707e-44 2.6624670822171524e-44 2.382207389352189e-44 3965 3966
 21.6200008392334 2.5223372357846707e-44 2.6624670822171524e-44 2.382207389352189e-44 3965 3966
 21.639999389648438 2.5223372357846707e-44 2.6624670822171524e-44 2.382207389352189e-44 3965 3966
 21.65999984741211 2.5223372357846707e-44 2.6624670822171524e-44 2.382207389352189e-44 3965 3966
 21.670000076293945 2.5223372357846707e-44 2.6624670822171524e-44 2.382207389352189e-44 3965 3966
 21.670000076293945 2.5223372357846707e-44 2.6624670822171524e-44 2.382207389352189e-44 3966 3966
 21.719999313354492 2.5223372357846707e-44 2.6624670822171524e-44 2.382207389352189e-44 3966 3967
 21.739999771118164 2.5223372357846707e-44 2.6624670822171524e-44 2.382207389352189e-44 3966 3967
 21.760000228881836 2.5223372357846707e-44 2.6624670822171524e-44 2.382207389352189e-44 3966 3967
 21.780000686645508 2.5223372357846707e-44 2.6624670822171524e-44 2.382207389352189e-44 3966 3967
 21.780000686645508 2.5223372357846707e-44 2.6624670822171524e-44 2.382207389352189e-44 3966 3967
 21.81999969482422 2.5223372357846707e-44 2.6624670822171524e-44 2.382207389352189e-44 3967 3965
 21.84000015258789 2.5223372357846707e-44 2.6624670822171524e-44 2.382207389352189e-44 3967 3965
 21.860000610351562 2.5223372357846707e-44 2.6624670822171524e-44 2.382207389352189e-44 3967 3965
 21.8799991607666 2.5223372357846707e-44 2.6624670822171524e-44 2.382207389352189e-44 3967 3965
 21.889999389648438 2.5223372357846707e-44 2.6624670822171524e-44 2.382207389352189e-44 3967 3965
 21.889999389648438 2.5223372357846707e-44 2.6624670822171524e-44 2.382207389352189e-44 3959 3965
 21.940000534057617 2.5223372357846707e-44 2.6624670822171524e-44 2.382207389352189e-44 3959 3973
 21.959999084472656 2.5223372357846707e-44 2.6624670822171524e-44 2.382207389352189e-44 3959 3973
 21.979999542236328 2.5223372357846707e-44 2.6624670822171524e-44 2.382207389352189e-44 3959 3973
 22.0 2.5223372357846707e-44 2.6624670822171524e-44 2.382207389352189e-44 3959 3973
 22.0 2.5223372357846707e-44 2.6624670822171524e-44 2.382207389352189e-44 3959 3973
 22.040000915527344 2.5223372357846707e-44 2.6624670822171524e-44 2.382207389352189e-44 3965 3964
 22.059999465942383 2.5223372357846707e-44 2.6624670822171524e-44 2.382207389352189e-44 3965 3964
 22.079999923706055 2.5223372357846707e-44 2.6624670822171524e-44 2.382207389352189e-44 3965 3964
 22.100000381469727 2.5223372357846707e-44 2.6624670822171524e-44 2.382207389352189e-44 3965 3964
 22.110000610351562 2.5223372357846707e-44 2.6624670822171524e-44 2.382207389352189e-44 3965 3964
 22.110000610351562 2.5223372357846707e-44 2.6624670822171524e-44 2.382207389352189e-44 3966 3964
 22.15999984741211 2.5223372357846707e-44 2.6624670822171524e-44 2.382207389352189e-44 3966 3968
 22.18000030517578 2.5223372357846707e-44 2.6624670822171524e-44 2.382207389352189e-44 3966 3968
 22.200000762939453 2.5223372357846707e-44 2.6624670822171524e-44 2.382207389352189e-44 3966 3968
 22.219999313354492 2.5223372357846707e-44 2.6624670822171524e-44 2.382207389352189e-44 3966 3968
 22.219999313354492 2.5223372357846707e-44 2.6624670822171524e-44 2.382207389352189e-44 3966 3968
 22.260000228881836 2.5223372357846707e-44 2.6624670822171524e-44 2.382207389352189e-44 3963 3966
 22.280000686645508 2.5223372357846707e-44 2.6624670822171524e-44 2.382207389352189e-44 3963 3966
 22.299999237060547 2.5223372357846707e-44 2.6624670822171524e-44 2.382207389352189e-44 3963 3966
 22.31999969482422 2.5223372357846707e-44 2.6624670822171524e-44 2.382207389352189e-44 3963 3966
 22.329999923706055 2.5223372357846707e-44 2.6624670822171524e-44 2.382207389352189e-44 3963 3966
 22.329999923706055 2.5223372357846707e-44 2.6624670822171524e-44 2.382207389352189e-44 3963 3966
 22.3799991607666 2.5223372357846707e-44 2.6624670822171524e-44 2.382207389352189e-44 3963 3968
 22.399999618530273 2.5223372357846707e-44 2.6624670822171524e-44 2.382207389352189e-44 3963 3968
 22.420000076293945 2.5223372357846707e-44 2.6624670822171524e-44 2.382207389352189e-44 3963 3968
 22.440000534057617 2.5223372357846707e-44 2.6624670822171524e-44 2.382207389352189e-44 3963 3968
 22.440000534057617 2.5223372357846707e-44 2.6624670822171524e-44 2.382207389352189e-44 3963 3968
 22.479999542236328 2.5223372357846707e-44 2.6624670822171524e-44 2.382207389352189e-44 3964 3964
 22.5 2.5223372357846707e-44 2.6624670822171524e-44 2.382207389352189e-44 3964 3964
 22.520000457763672 2.5223372357846707e-44 2.6624670822171524e-44 2.382207389352189e-44 3964 3964
 22.540000915527344 2.5223372357846707e-44 2.6624670822171524e-44 2.382207389352189e-44 3964 3964
 22.549999237060547 2.5223372357846707e-44 2.6624670822171524e-44 2.382207389352189e-44 3964 3964
 22.549999237060547 2.5223372357846707e-44 2.6624670822171524e-44 2.382207389352189e-44 3962 3964
 22.600000381469727 2.5223372357846707e-44 2.6624670822171524e-44 2.382207389352189e-44 3962 3970
 22.6200008392334 2.5223372357846707e-44 2.6624670822171524e-44 2.382207389352189e-44 3962 3970
 22.639999389648438 2.5223372357846707e-44 2.6624670822171524e-44 2.382207389352189e-44 3962 3970
 22.65999984741211 2.5223372357846707e-44 2.6624670822171524e-44 2.382207389352189e-44 3962 3970
 22.65999984741211 2.5223372357846707e-44 2.6624670822171524e-44 2.382207389352189e-44 3962 3970
 22.700000762939453 2.5223372357846707e-44 2.6624670822171524e-44 2.382207389352189e-44 3967 3965
 22.719999313354492 2.5223372357846707e-44 2.6624670822171524e-44 2.382207389352189e-44 3967 3965
 22.739999771118164 2.5223372357846707e-44 2.6624670822171524e-44 2.382207389352189e-44 3967 3965
 22.760000228881836 2.5223372357846707e-44 2.6624670822171524e-44 2.382207389352189e-44 3967 3965
 22.770000457763672 2.5223372357846707e-44 2.6624670822171524e-44 2.382207389352189e-44 3967 3965
 22.770000457763672 2.5223372357846707e-44 2.6624670822171524e-44 2.382207389352189e-44 3966 3965
 22.81999969482422 2.5223372357846707e-44 2.6624670822171524e-44 2.382207389352189e-44 3966 3966
 22.84000015258789 2.5223372357846707e-44 2.6624670822171524e-44 2.382207389352189e-44 3966 3966
 22.860000610351562 2.5223372357846707e-44 2.6624670822171524e-44 2.382207389352189e-44 3966 3966
 22.8799991607666 2.5223372357846707e-44 2.6624670822171524e-44 2.382207389352189e-44 3966 3966
 22.8799991607666 2.5223372357846707e-44 2.6624670822171524e-44 2.382207389352189e-44 3966 3966
 22.920000076293945 2.5223372357846707e-44 2.6624670822171524e-44 2.382207389352189e-44 3964 3966
 22.940000534057617 2.5223372357846707e-44 2.6624670822171524e-44 2.382207389352189e-44 3964 3966
 22.959999084472656 2.5223372357846707e-44 2.6624670822171524e-44 2.382207389352189e-44 3964 3966
 22.979999542236328 2.5223372357846707e-44 2.6624670822171524e-44 2.382207389352189e-44 3964 3966
 22.989999771118164 2.5223372357846707e-44 2.6624670822171524e-44 2.382207389352189e-44 3964 3966
 22.989999771118164 2.5223372357846707e-44 2.6624670822171524e-44 2.382207389352189e-44 3964 3966
 23.040000915527344 2.5223372357846707e-44 2.6624670822171524e-44 2.382207389352189e-44 3964 3965
 23.059999465942383 2.5223372357846707e-44 2.6624670822171524e-44 2.382207389352189e-44 3964 3965
 23.079999923706055 2.5223372357846707e-44 2.6624670822171524e-44 2.382207389352189e-44 3964 3965
 23.100000381469727 2.5223372357846707e-44 2.6624670822171524e-44 2.382207389352189e-44 3964 3965
 23.100000381469727 2.5223372357846707e-44 2.6624670822171524e-44 2.382207389352189e-44 3964 3965
 23.139999389648438 2.5223372357846707e-44 2.6624670822171524e-44 2.382207389352189e-44 3967 3967
 23.15999984741211 2.5223372357846707e-44 2.6624670822171524e-44 2.382207389352189e-44 3967 3967
 23.18000030517578 2.5223372357846707e-44 2.6624670822171524e-44 2.382207389352189e-44 3967 3967
 23.200000762939453 2.5223372357846707e-44 2.6624670822171524e-44 2.382207389352189e-44 3967 3967
 23.209999084472656 2.5223372357846707e-44 2.6624670822171524e-44 2.382207389352189e-44 3967 3967
 23.209999084472656 2.5223372357846707e-44 2.6624670822171524e-44 2.382207389352189e-44 3966 3967
 23.260000228881836 2.5223372357846707e-44 2.6624670822171524e-44 2.382207389352189e-44 3966 3964
 23.280000686645508 2.5223372357846707e-44 2.6624670822171524e-44 2.382207389352189e-44 3966 3964
 23.299999237060547 2.5223372357846707e-44 2.6624670822171524e-44 2.382207389352189e-44 3966 3964
 23.31999969482422 2.5223372357846707e-44 2.6624670822171524e-44 2.382207389352189e-44 3966 3964
 23.31999969482422 2.5223372357846707e-44 2.6624670822171524e-44 2.382207389352189e-44 3966 3964
 23.360000610351562 2.5223372357846707e-44 2.6624670822171524e-44 2.382207389352189e-44 3967 3972
 23.3799991607666 2.5223372357846707e-44 2.6624670822171524e-44 2.382207389352189e-44 3967 3972
 23.399999618530273 2.5223372357846707e-44 2.6624670822171524e-44 2.382207389352189e-44 3967 3972
 23.420000076293945 2.5223372357846707e-44 2.6624670822171524e-44 2.382207389352189e-44 3967 3972
 23.43000030517578 2.5223372357846707e-44 2.6624670822171524e-44 2.382207389352189e-44 3967 3972
 23.43000030517578 2.5223372357846707e-44 2.6624670822171524e-44 2.382207389352189e-44 3959 3972
 23.479999542236328 2.5223372357846707e-44 2.6624670822171524e-44 2.382207389352189e-44 3959 3968
 23.5 2.5223372357846707e-44 2.6624670822171524e-44 2.382207389352189e-44 3959 3968
 23.520000457763672 2.5223372357846707e-44 2.6624670822171524e-44 2.382207389352189e-44 3959 3968
 23.540000915527344 2.5223372357846707e-44 2.6624670822171524e-44 2.382207389352189e-44 3959 3968
 23.540000915527344 2.5223372357846707e-44 2.6624670822171524e-44 2.382207389352189e-44 3959 3968
 23.579999923706055 2.5223372357846707e-44 2.6624670822171524e-44 2.382207389352189e-44 3963 3965
 23.600000381469727 2.5223372357846707e-44 2.6624670822171524e-44 2.382207389352189e-44 3963 3965
 23.6200008392334 2.5223372357846707e-44 2.6624670822171524e-44 2.382207389352189e-44 3963 3965
 23.639999389648438 2.5223372357846707e-44 2.6624670822171524e-44 2.382207389352189e-44 3963 3965
 23.649999618530273 2.5223372357846707e-44 2.6624670822171524e-44 2.382207389352189e-44 3963 3965
 23.649999618530273 2.5223372357846707e-44 2.6624670822171524e-44 2.382207389352189e-44 3959 3965
 23.700000762939453 2.5223372357846707e-44 2.6624670822171524e-44 2.382207389352189e-44 3959 3962
 23.719999313354492 2.5223372357846707e-44 2.6624670822171524e-44 2.382207389352189e-44 3959 3962
 23.739999771118164 2.5223372357846707e-44 2.6624670822171524e-44 2.382207389352189e-44 3959 3962
 23.760000228881836 2.5223372357846707e-44 2.6624670822171524e-44 2.382207389352189e-44 3959 3962
 23.760000228881836 2.5223372357846707e-44 2.6624670822171524e-44 2.382207389352189e-44 3959 3962
 23.799999237060547 2.5223372357846707e-44 2.6624670822171524e-44 2.382207389352189e-44 3969 3969
 23.81999969482422 2.5223372357846707e-44 2.6624670822171524e-44 2.382207389352189e-44 3969 3969
 23.84000015258789 2.5223372357846707e-44 2.6624670822171524e-44 2.382207389352189e-44 3969 3969
 23.860000610351562 2.5223372357846707e-44 2.6624670822171524e-44 2.382207389352189e-44 3969 3969
 23.8700008392334 2.5223372357846707e-44 2.6624670822171524e-44 2.382207389352189e-44 3969 3969
 23.8700008392334 2.5223372357846707e-44 2.6624670822171524e-44 2.382207389352189e-44 3962 3969
 23.920000076293945 2.5223372357846707e-44 2.6624670822171524e-44 2.382207389352189e-44 3962 3965
 23.940000534057617 2.5223372357846707e-44 2.6624670822171524e-44 2.382207389352189e-44 3962 3965
 23.959999084472656 2.5223372357846707e-44 2.6624670822171524e-44 2.382207389352189e-44 3962 3965
 23.979999542236328 2.5223372357846707e-44 2.6624670822171524e-44 2.382207389352189e-44 3962 3965
 23.979999542236328 2.5223372357846707e-44 2.6624670822171524e-44 2.382207389352189e-44 3962 3965
 24.020000457763672 2.5223372357846707e-44 2.6624670822171524e-44 2.382207389352189e-44 3964 3966
 24.040000915527344 2.5223372357846707e-44 2.6624670822171524e-44 2.382207389352189e-44 3964 3966
 24.059999465942383 2.5223372357846707e-44 2.6624670822171524e-44 2.382207389352189e-44 3964 3966
 24.079999923706055 2.5223372357846707e-44 2.6624670822171524e-44 2.382207389352189e-44 3964 3966
 24.09000015258789 2.5223372357846707e-44 2.6624670822171524e-44 2.382207389352189e-44 3964 3966
 24.09000015258789 2.5223372357846707e-44 2.6624670822171524e-44 2.382207389352189e-44 3967 3966
 24.139999389648438 2.5223372357846707e-44 2.6624670822171524e-44 2.382207389352189e-44 3967 3967
 24.15999984741211 2.5223372357846707e-44 2.6624670822171524e-44 2.382207389352189e-44 3967 3967
 24.18000030517578 2.5223372357846707e-44 2.6624670822171524e-44 2.382207389352189e-44 3967 3967
 24.200000762939453 2.5223372357846707e-44 2.6624670822171524e-44 2.382207389352189e-44 3967 3967
 24.200000762939453 2.5223372357846707e-44 2.6624670822171524e-44 2.382207389352189e-44 3967 3967
 24.239999771118164 2.5223372357846707e-44 2.6624670822171524e-44 2.382207389352189e-44 3968 3967
 24.260000228881836 2.5223372357846707e-44 2.6624670822171524e-44 2.382207389352189e-44 3968 3967
 24.280000686645508 2.5223372357846707e-44 2.6624670822171524e-44 2.382207389352189e-44 3968 3967
 24.299999237060547 2.5223372357846707e-44 2.6624670822171524e-44 2.382207389352189e-44 3968 3967
 24.309999465942383 2.5223372357846707e-44 2.6624670822171524e-44 2.382207389352189e-44 3968 3967
 24.309999465942383 2.5223372357846707e-44 2.6624670822171524e-44 2.382207389352189e-44 3959 3967
 24.360000610351562 2.5223372357846707e-44 2.6624670822171524e-44 2.382207389352189e-44 3959 3970
 24.3799991607666 2.5223372357846707e-44 2.6624670822171524e-44 2.382207389352189e-44 3959 3970
 24.399999618530273 2.5223372357846707e-44 2.6624670822171524e-44 2.382207389352189e-44 3959 3970
 24.420000076293945 2.5223372357846707e-44 2.6624670822171524e-44 2.382207389352189e-44 3959 3970
 24.420000076293945 2.5223372357846707e-44 2.6624670822171524e-44 2.382207389352189e-44 3959 3970
 24.459999084472656 2.5223372357846707e-44 2.6624670822171524e-44 2.382207389352189e-44 3964 3967
 24.479999542236328 2.5223372357846707e-44 2.6624670822171524e-44 2.382207389352189e-44 3964 3967
 24.5 2.5223372357846707e-44 2.6624670822171524e-44 2.382207389352189e-44 3964 3967
 24.520000457763672 2.5223372357846707e-44 2.6624670822171524e-44 2.382207389352189e-44 3964 3967
 24.530000686645508 2.5223372357846707e-44 2.6624670822171524e-44 2.382207389352189e-44 3964 3967
 24.530000686645508 2.5223372357846707e-44 2.6624670822171524e-44 2.382207389352189e-44 3965 3967
 24.579999923706055 2.5223372357846707e-44 2.6624670822171524e-44 2.382207389352189e-44 3965 3967
 24.600000381469727 2.5223372357846707e-44 2.6624670822171524e-44 2.382207389352189e-44 3965 3967
 24.6200008392334 2.5223372357846707e-44 2.6624670822171524e-44 2.382207389352189e-44 3965 3967
 24.639999389648438 2.5223372357846707e-44 2.6624670822171524e-44 2.382207389352189e-44 3965 3967
 24.639999389648438 2.5223372357846707e-44 2.6624670822171524e-44 2.382207389352189e-44 3965 3967
 24.68000030517578 2.5223372357846707e-44 2.6624670822171524e-44 2.382207389352189e-44 3966 3968
 24.700000762939453 2.5223372357846707e-44 2.6624670822171524e-44 2.382207389352189e-44 3966 3968
 24.719999313354492 2.5223372357846707e-44 2.6624670822171524e-44 2.382207389352189e-44 3966 3968
 24.739999771118164 2.5223372357846707e-44 2.6624670822171524e-44 2.382207389352189e-44 3966 3968
 24.75 2.5223372357846707e-44 2.6624670822171524e-44 2.382207389352189e-44 3966 3968
 24.75 2.5223372357846707e-44 2.6624670822171524e-44 2.382207389352189e-44 3962 3968
 24.799999237060547 2.5223372357846707e-44 2.6624670822171524e-44 2.382207389352189e-44 3962 3967
 24.81999969482422 2.5223372357846707e-44 2.6624670822171524e-44 2.382207389352189e-44 3962 3967
 24.84000015258789 2.5223372357846707e-44 2.6624670822171524e-44 2.382207389352189e-44 3962 3967
 24.860000610351562 2.5223372357846707e-44 2.6624670822171524e-44 2.382207389352189e-44 3962 3967
 24.860000610351562 2.5223372357846707e-44 2.6624670822171524e-44 2.382207389352189e-44 3962 3967
 24.899999618530273 2.5223372357846707e-44 2.6624670822171524e-44 2.382207389352189e-44 3962 3964
 24.920000076293945 2.5223372357846707e-44 2.6624670822171524e-44 2.382207389352189e-44 3962 3964
 24.940000534057617 2.5223372357846707e-44 2.6624670822171524e-44 2.382207389352189e-44 3962 3964
 24.959999084472656 2.5223372357846707e-44 2.6624670822171524e-44 2.382207389352189e-44 3962 3964
 24.969999313354492 2.5223372357846707e-44 2.6624670822171524e-44 2.382207389352189e-44 3962 3964
 24.969999313354492 2.5223372357846707e-44 2.6624670822171524e-44 2.382207389352189e-44 3967 3964
 25.020000457763672 2.5223372357846707e-44 2.6624670822171524e-44 2.382207389352189e-44 3967 3966
 25.040000915527344 2.5223372357846707e-44 2.6624670822171524e-44 2.382207389352189e-44 3967 3966
 25.059999465942383 2.5223372357846707e-44 2.6624670822171524e-44 2.382207389352189e-44 3967 3966
 25.079999923706055 2.5223372357846707e-44 2.6624670822171524e-44 2.382207389352189e-44 3967 3966
 25.079999923706055 2.5223372357846707e-44 2.6624670822171524e-44 2.382207389352189e-44 3967 3966
 25.1200008392334 2.5223372357846707e-44 2.6624670822171524e-44 2.382207389352189e-44 3964 3967
 25.139999389648438 2.5223372357846707e-44 2.6624670822171524e-44 2.382207389352189e-44 3964 3967
 25.15999984741211 2.5223372357846707e-44 2.6624670822171524e-44 2.382207389352189e-44 3964 3967
 25.18000030517578 2.5223372357846707e-44 2.6624670822171524e-44 2.382207389352189e-44 3964 3967
 25.190000534057617 2.5223372357846707e-44 2.6624670822171524e-44 2.382207389352189e-44 3964 3967
 25.190000534057617 2.5223372357846707e-44 2.6624670822171524e-44 2.382207389352189e-44 3964 3967
 25.239999771118164 2.5223372357846707e-44 2.6624670822171524e-44 2.382207389352189e-44 3964 3968
 25.260000228881836 2.5223372357846707e-44 2.6624670822171524e-44 2.382207389352189e-44 3964 3968
 25.280000686645508 2.5223372357846707e-44 2.6624670822171524e-44 2.382207389352189e-44 3964 3968
 25.299999237060547 2.5223372357846707e-44 2.6624670822171524e-44 2.382207389352189e-44 3964 3968
 25.299999237060547 2.5223372357846707e-44 2.6624670822171524e-44 2.382207389352189e-44 3964 3968
 25.34000015258789 2.5223372357846707e-44 2.6624670822171524e-44 2.382207389352189e-44 3966 3965
 25.360000610351562 2.5223372357846707e-44 2.6624670822171524e-44 2.382207389352189e-44 3966 3965
 25.3799991607666 2.5223372357846707e-44 2.6624670822171524e-44 2.382207389352189e-44 3966 3965
 25.399999618530273 2.5223372357846707e-44 2.6624670822171524e-44 2.382207389352189e-44 3966 3965
 25.40999984741211 2.5223372357846707e-44 2.6624670822171524e-44 2.382207389352189e-44 3966 3965
 25.40999984741211 2.5223372357846707e-44 2.6624670822171524e-44 2.382207389352189e-44 3966 3965
 25.459999084472656 2.5223372357846707e-44 2.6624670822171524e-44 2.382207389352189e-44 3966 3968
 25.479999542236328 2.5223372357846707e-44 2.6624670822171524e-44 2.382207389352189e-44 3966 3968
 25.5 2.5223372357846707e-44 2.6624670822171524e-44 2.382207389352189e-44 3966 3968
 25.520000457763672 2.5223372357846707e-44 2.6624670822171524e-44 2.382207389352189e-44 3966 3968
 25.520000457763672 2.5223372357846707e-44 2.6624670822171524e-44 2.382207389352189e-44 3966 3968
 25.559999465942383 2.5223372357846707e-44 2.6624670822171524e-44 2.382207389352189e-44 3965 3965
 25.579999923706055 2.5223372357846707e-44 2.6624670822171524e-44 2.382207389352189e-44 3965 3965
 25.600000381469727 2.5223372357846707e-44 2.6624670822171524e-44 2.382207389352189e-44 3965 3965
 25.6200008392334 2.5223372357846707e-44 2.6624670822171524e-44 2.382207389352189e-44 3965 3965
 25.6299991607666 2.5223372357846707e-44 2.6624670822171524e-44 2.382207389352189e-44 3965 3965
 25.6299991607666 2.5223372357846707e-44 2.6624670822171524e-44 2.382207389352189e-44 3959 3965
 25.68000030517578 2.5223372357846707e-44 2.6624670822171524e-44 2.382207389352189e-44 3959 3964
 25.700000762939453 2.5223372357846707e-44 2.6624670822171524e-44 2.382207389352189e-44 3959 3964
 25.719999313354492 2.5223372357846707e-44 2.6624670822171524e-44 2.382207389352189e-44 3959 3964
 25.739999771118164 2.5223372357846707e-44 2.6624670822171524e-44 2.382207389352189e-44 3959 3964
 25.739999771118164 2.5223372357846707e-44 2.6624670822171524e-44 2.382207389352189e-44 3959 3964
 25.780000686645508 2.5223372357846707e-44 2.6624670822171524e-44 2.382207389352189e-44 3967 3967
 25.799999237060547 2.5223372357846707e-44 2.6624670822171524e-44 2.382207389352189e-44 3967 3967
 25.81999969482422 2.5223372357846707e-44 2.6624670822171524e-44 2.382207389352189e-44 3967 3967
 25.84000015258789 2.5223372357846707e-44 2.6624670822171524e-44 2.382207389352189e-44 3967 3967
 25.850000381469727 2.5223372357846707e-44 2.6624670822171524e-44 2.382207389352189e-44 3967 3967
 25.850000381469727 2.5223372357846707e-44 2.6624670822171524e-44 2.382207389352189e-44 3962 3967
 25.899999618530273 2.5223372357846707e-44 2.6624670822171524e-44 2.382207389352189e-44 3962 3968
 25.920000076293945 2.5223372357846707e-44 2.6624670822171524e-44 2.382207389352189e-44 3962 3968
 25.940000534057617 2.5223372357846707e-44 2.6624670822171524e-44 2.382207389352189e-44 3962 3968
 25.959999084472656 2.5223372357846707e-44 2.6624670822171524e-44 2.382207389352189e-44 3962 3968
 25.959999084472656 2.5223372357846707e-44 2.6624670822171524e-44 2.382207389352189e-44 3962 3968
 26.0 2.5223372357846707e-44 2.6624670822171524e-44 2.382207389352189e-44 3968 3967
 26.020000457763672 2.5223372357846707e-44 2.6624670822171524e-44 2.382207389352189e-44 3968 3967
 26.040000915527344 2.5223372357846707e-44 2.6624670822171524e-44 2.382207389352189e-44 3968 3967
 26.059999465942383 2.5223372357846707e-44 2.6624670822171524e-44 2.382207389352189e-44 3968 3967
 26.06999969482422 2.5223372357846707e-44 2.6624670822171524e-44 2.382207389352189e-44 3968 3967
 26.06999969482422 2.5223372357846707e-44 2.6624670822171524e-44 2.382207389352189e-44 3965 3967
 26.1200008392334 2.5223372357846707e-44 2.6624670822171524e-44 2.382207389352189e-44 3965 3966
 26.139999389648438 2.5223372357846707e-44 2.6624670822171524e-44 2.382207389352189e-44 3965 3966
 26.15999984741211 2.5223372357846707e-44 2.6624670822171524e-44 2.382207389352189e-44 3965 3966
 26.18000030517578 2.5223372357846707e-44 2.6624670822171524e-44 2.382207389352189e-44 3965 3966
 26.18000030517578 2.5223372357846707e-44 2.6624670822171524e-44 2.382207389352189e-44 3965 3966
 26.219999313354492 2.5223372357846707e-44 2.6624670822171524e-44 2.382207389352189e-44 3966 3966
 26.239999771118164 2.5223372357846707e-44 2.6624670822171524e-44 2.382207389352189e-44 3966 3966
 26.260000228881836 2.5223372357846707e-44 2.6624670822171524e-44 2.382207389352189e-44 3966 3966
 26.280000686645508 2.5223372357846707e-44 2.6624670822171524e-44 2.382207389352189e-44 3966 3966
 26.290000915527344 2.5223372357846707e-44 2.6624670822171524e-44 2.382207389352189e-44 3966 3966
 26.290000915527344 2.5223372357846707e-44 2.6624670822171524e-44 2.382207389352189e-44 3958 3966
 26.34000015258789 2.5223372357846707e-44 2.6624670822171524e-44 2.382207389352189e-44 3958 3966
 26.360000610351562 2.5223372357846707e-44 2.6624670822171524e-44 2.382207389352189e-44 3958 3966
 26.3799991607666 2.5223372357846707e-44 2.6624670822171524e-44 2.382207389352189e-44 3958 3966
 26.399999618530273 2.5223372357846707e-44 2.6624670822171524e-44 2.382207389352189e-44 3958 3966
 26.399999618530273 2.5223372357846707e-44 2.6624670822171524e-44 2.382207389352189e-44 3958 3966
 26.440000534057617 2.5223372357846707e-44 2.6624670822171524e-44 2.382207389352189e-44 3965 3966
 26.459999084472656 2.5223372357846707e-44 2.6624670822171524e-44 2.382207389352189e-44 3965 3966
 26.479999542236328 2.5223372357846707e-44 2.6624670822171524e-44 2.382207389352189e-44 3965 3966
 26.5 2.5223372357846707e-44 2.6624670822171524e-44 2.382207389352189e-44 3965 3966
 26.510000228881836 2.5223372357846707e-44 2.6624670822171524e-44 2.382207389352189e-44 3965 3966
 26.510000228881836 2.5223372357846707e-44 2.6624670822171524e-44 2.382207389352189e-44 3963 3966
 26.559999465942383 2.5223372357846707e-44 2.6624670822171524e-44 2.382207389352189e-44 3963 3965
 26.579999923706055 2.5223372357846707e-44 2.6624670822171524e-44 2.382207389352189e-44 3963 3965
 26.600000381469727 2.5223372357846707e-44 2.6624670822171524e-44 2.382207389352189e-44 3963 3965
 26.6200008392334 2.5223372357846707e-44 2.6624670822171524e-44 2.382207389352189e-44 3963 3965
 26.6200008392334 2.5223372357846707e-44 2.6624670822171524e-44 2.382207389352189e-44 3963 3965
 26.65999984741211 2.5223372357846707e-44 2.6624670822171524e-44 2.382207389352189e-44 3966 3969
 26.68000030517578 2.5223372357846707e-44 2.6624670822171524e-44 2.382207389352189e-44 3966 3969
 26.700000762939453 2.5223372357846707e-44 2.6624670822171524e-44 2.382207389352189e-44 3966 3969
 26.719999313354492 2.5223372357846707e-44 2.6624670822171524e-44 2.382207389352189e-44 3966 3969
 26.729999542236328 2.5223372357846707e-44 2.6624670822171524e-44 2.382207389352189e-44 3966 3969
 26.729999542236328 2.5223372357846707e-44 2.6624670822171524e-44 2.382207389352189e-44 3964 3969
 26.780000686645508 2.5223372357846707e-44 2.6624670822171524e-44 2.382207389352189e-44 3964 3972
 26.799999237060547 2.5223372357846707e-44 2.6624670822171524e-44 2.382207389352189e-44 3964 3972
 26.81999969482422 2.5223372357846707e-44 2.6624670822171524e-44 2.382207389352189e-44 3964 3972
 26.84000015258789 2.5223372357846707e-44 2.6624670822171524e-44 2.382207389352189e-44 3964 3972
 26.84000015258789 2.5223372357846707e-44 2.6624670822171524e-44 2.382207389352189e-44 3964 3972
 26.8799991607666 2.5223372357846707e-44 2.6624670822171524e-44 2.382207389352189e-44 3965 3966
 26.899999618530273 2.5223372357846707e-44 2.6624670822171524e-44 2.382207389352189e-44 3965 3966
 26.920000076293945 2.5223372357846707e-44 2.6624670822171524e-44 2.382207389352189e-44 3965 3966
 26.940000534057617 2.5223372357846707e-44 2.6624670822171524e-44 2.382207389352189e-44 3965 3966
 26.950000762939453 2.5223372357846707e-44 2.6624670822171524e-44 2.382207389352189e-44 3965 3966
 26.950000762939453 2.5223372357846707e-44 2.6624670822171524e-44 2.382207389352189e-44 3965 3966
 27.0 2.5223372357846707e-44 2.6624670822171524e-44 2.382207389352189e-44 3965 3970
 27.020000457763672 2.5223372357846707e-44 2.6624670822171524e-44 2.382207389352189e-44 3965 3970
 27.040000915527344 2.5223372357846707e-44 2.6624670822171524e-44 2.382207389352189e-44 3965 3970
 27.059999465942383 2.5223372357846707e-44 2.6624670822171524e-44 2.382207389352189e-44 3965 3970
 27.059999465942383 2.5223372357846707e-44 2.6624670822171524e-44 2.382207389352189e-44 3965 3970
 27.100000381469727 2.5223372357846707e-44 2.6624670822171524e-44 2.382207389352189e-44 3966 3966
 27.1200008392334 2.5223372357846707e-44 2.6624670822171524e-44 2.382207389352189e-44 3966 3966
 27.139999389648438 2.5223372357846707e-44 2.6624670822171524e-44 2.382207389352189e-44 3966 3966
 27.15999984741211 2.5223372357846707e-44 2.6624670822171524e-44 2.382207389352189e-44 3966 3966
 27.170000076293945 2.5223372357846707e-44 2.6624670822171524e-44 2.382207389352189e-44 3966 3966
 27.170000076293945 2.5223372357846707e-44 2.6624670822171524e-44 2.382207389352189e-44 3969 3966
 27.219999313354492 2.5223372357846707e-44 2.6624670822171524e-44 2.382207389352189e-44 3969 3966
 27.239999771118164 2.5223372357846707e-44 2.6624670822171524e-44 2.382207389352189e-44 3969 3966
 27.260000228881836 2.5223372357846707e-44 2.6624670822171524e-44 2.382207389352189e-44 3969 3966
 27.280000686645508 2.5223372357846707e-44 2.6624670822171524e-44 2.382207389352189e-44 3969 3966
 27.280000686645508 2.5223372357846707e-44 2.6624670822171524e-44 2.382207389352189e-44 3969 3966
 27.31999969482422 2.5223372357846707e-44 2.6624670822171524e-44 2.382207389352189e-44 3965 3964
 27.34000015258789 2.5223372357846707e-44 2.6624670822171524e-44 2.382207389352189e-44 3965 3964
 27.360000610351562 2.5223372357846707e-44 2.6624670822171524e-44 2.382207389352189e-44 3965 3964
 27.3799991607666 2.5223372357846707e-44 2.6624670822171524e-44 2.382207389352189e-44 3965 3964
 27.389999389648438 2.5223372357846707e-44 2.6624670822171524e-44 2.382207389352189e-44 3965 3964
 27.389999389648438 2.5223372357846707e-44 2.6624670822171524e-44 2.382207389352189e-44 3966 3964
 27.440000534057617 2.5223372357846707e-44 2.6624670822171524e-44 2.382207389352189e-44 3966 3968
 27.459999084472656 2.5223372357846707e-44 2.6624670822171524e-44 2.382207389352189e-44 3966 3968
 27.479999542236328 2.5223372357846707e-44 2.6624670822171524e-44 2.382207389352189e-44 3966 3968
 27.5 2.5223372357846707e-44 2.6624670822171524e-44 2.382207389352189e-44 3966 3968
 27.5 2.5223372357846707e-44 2.6624670822171524e-44 2.382207389352189e-44 3966 3968
 27.540000915527344 2.5223372357846707e-44 2.6624670822171524e-44 2.382207389352189e-44 3969 3962
 27.559999465942383 2.5223372357846707e-44 2.6624670822171524e-44 2.382207389352189e-44 3969 3962
 27.579999923706055 2.5223372357846707e-44 2.6624670822171524e-44 2.382207389352189e-44 3969 3962
 27.600000381469727 2.5223372357846707e-44 2.6624670822171524e-44 2.382207389352189e-44 3969 3962
 27.610000610351562 2.5223372357846707e-44 2.6624670822171524e-44 2.382207389352189e-44 3969 3962
 27.610000610351562 2.5223372357846707e-44 2.6624670822171524e-44 2.382207389352189e-44 3962 3962
 27.65999984741211 2.5223372357846707e-44 2.6624670822171524e-44 2.382207389352189e-44 3962 3967
 27.68000030517578 2.5223372357846707e-44 2.6624670822171524e-44 2.382207389352189e-44 3962 3967
 27.700000762939453 2.5223372357846707e-44 2.6624670822171524e-44 2.382207389352189e-44 3962 3967
 27.719999313354492 2.5223372357846707e-44 2.6624670822171524e-44 2.382207389352189e-44 3962 3967
 27.719999313354492 2.5223372357846707e-44 2.6624670822171524e-44 2.382207389352189e-44 3962 3967
 27.760000228881836 2.5223372357846707e-44 2.6624670822171524e-44 2.382207389352189e-44 3965 3963
 27.780000686645508 2.5223372357846707e-44 2.6624670822171524e-44 2.382207389352189e-44 3965 3963
 27.799999237060547 2.5223372357846707e-44 2.6624670822171524e-44 2.382207389352189e-44 3965 3963
 27.81999969482422 2.5223372357846707e-44 2.6624670822171524e-44 2.382207389352189e-44 3965 3963
 27.829999923706055 2.5223372357846707e-44 2.6624670822171524e-44 2.382207389352189e-44 3965 3963
 27.829999923706055 2.5223372357846707e-44 2.6624670822171524e-44 2.382207389352189e-44 3966 3963
 27.8799991607666 2.5223372357846707e-44 2.6624670822171524e-44 2.382207389352189e-44 3966 3965
 27.899999618530273 2.5223372357846707e-44 2.6624670822171524e-44 2.382207389352189e-44 3966 3965
 27.920000076293945 2.5223372357846707e-44 2.6624670822171524e-44 2.382207389352189e-44 3966 3965
 27.940000534057617 2.5223372357846707e-44 2.6624670822171524e-44 2.382207389352189e-44 3966 3965
 27.940000534057617 2.5223372357846707e-44 2.6624670822171524e-44 2.382207389352189e-44 3966 3965
 27.979999542236328 2.5223372357846707e-44 2.6624670822171524e-44 2.382207389352189e-44 3966 3967
 28.0 2.5223372357846707e-44 2.6624670822171524e-44 2.382207389352189e-44 3966 3967
 28.020000457763672 2.5223372357846707e-44 2.6624670822171524e-44 2.382207389352189e-44 3966 3967
 28.040000915527344 2.5223372357846707e-44 2.6624670822171524e-44 2.382207389352189e-44 3966 3967
 28.049999237060547 2.5223372357846707e-44 2.6624670822171524e-44 2.382207389352189e-44 3966 3967
 28.049999237060547 2.5223372357846707e-44 2.6624670822171524e-44 2.382207389352189e-44 3962 3967
 28.100000381469727 2.5223372357846707e-44 2.6624670822171524e-44 2.382207389352189e-44 3962 3971
 28.1200008392334 2.5223372357846707e-44 2.6624670822171524e-44 2.382207389352189e-44 3962 3971
 28.139999389648438 2.5223372357846707e-44 2.6624670822171524e-44 2.382207389352189e-44 3962 3971
 28.15999984741211 2.5223372357846707e-44 2.6624670822171524e-44 2.382207389352189e-44 3962 3971
 28.15999984741211 2.5223372357846707e-44 2.6624670822171524e-44 2.382207389352189e-44 3962 3971
 28.200000762939453 2.5223372357846707e-44 2.6624670822171524e-44 2.382207389352189e-44 3965 3967
 28.219999313354492 2.5223372357846707e-44 2.6624670822171524e-44 2.382207389352189e-44 3965 3967
 28.239999771118164 2.5223372357846707e-44 2.6624670822171524e-44 2.382207389352189e-44 3965 3967
 28.260000228881836 2.5223372357846707e-44 2.6624670822171524e-44 2.382207389352189e-44 3965 3967
 28.270000457763672 2.5223372357846707e-44 2.6624670822171524e-44 2.382207389352189e-44 3965 3967
 28.270000457763672 2.5223372357846707e-44 2.6624670822171524e-44 2.382207389352189e-44 3968 3967
 28.31999969482422 2.5223372357846707e-44 2.6624670822171524e-44 2.382207389352189e-44 3968 3968
 28.34000015258789 2.5223372357846707e-44 2.6624670822171524e-44 2.382207389352189e-44 3968 3968
 28.360000610351562 2.5223372357846707e-44 2.6624670822171524e-44 2.382207389352189e-44 3968 3968
 28.3799991607666 2.5223372357846707e-44 2.6624670822171524e-44 2.382207389352189e-44 3968 3968
 28.3799991607666 2.5223372357846707e-44 2.6624670822171524e-44 2.382207389352189e-44 3968 3968
 28.420000076293945 2.5223372357846707e-44 2.6624670822171524e-44 2.382207389352189e-44 3962 3967
 28.440000534057617 2.5223372357846707e-44 2.6624670822171524e-44 2.382207389352189e-44 3962 3967
 28.459999084472656 2.5223372357846707e-44 2.6624670822171524e-44 2.382207389352189e-44 3962 3967
 28.479999542236328 2.5223372357846707e-44 2.6624670822171524e-44 2.382207389352189e-44 3962 3967
 28.489999771118164 2.5223372357846707e-44 2.6624670822171524e-44 2.382207389352189e-44 3962 3967
 28.489999771118164 2.5223372357846707e-44 2.6624670822171524e-44 2.382207389352189e-44 3963 3967
 28.540000915527344 2.5223372357846707e-44 2.6624670822171524e-44 2.382207389352189e-44 3963 3966
 28.559999465942383 2.5223372357846707e-44 2.6624670822171524e-44 2.382207389352189e-44 3963 3966
 28.579999923706055 2.5223372357846707e-44 2.6624670822171524e-44 2.382207389352189e-44 3963 3966
 28.600000381469727 2.5223372357846707e-44 2.6624670822171524e-44 2.382207389352189e-44 3963 3966
 28.600000381469727 2.5223372357846707e-44 2.6624670822171524e-44 2.382207389352189e-44 3963 3966
 28.639999389648438 2.5223372357846707e-44 2.6624670822171524e-44 2.382207389352189e-44 3965 3965
 28.65999984741211 2.5223372357846707e-44 2.6624670822171524e-44 2.382207389352189e-44 3965 3965
 28.68000030517578 2.5223372357846707e-44 2.6624670822171524e-44 2.382207389352189e-44 3965 3965
 28.700000762939453 2.5223372357846707e-44 2.6624670822171524e-44 2.382207389352189e-44 3965 3965
 28.709999084472656 2.5223372357846707e-44 2.6624670822171524e-44 2.382207389352189e-44 3965 3965
 28.709999084472656 2.5223372357846707e-44 2.6624670822171524e-44 2.382207389352189e-44 3962 3965
 28.760000228881836 2.5223372357846707e-44 2.6624670822171524e-44 2.382207389352189e-44 3962 3968
 28.780000686645508 2.5223372357846707e-44 2.6624670822171524e-44 2.382207389352189e-44 3962 3968
 28.799999237060547 2.5223372357846707e-44 2.6624670822171524e-44 2.382207389352189e-44 3962 3968
 28.81999969482422 2.5223372357846707e-44 2.6624670822171524e-44 2.382207389352189e-44 3962 3968
 28.81999969482422 2.5223372357846707e-44 2.6624670822171524e-44 2.382207389352189e-44 3962 3968
 28.860000610351562 2.5223372357846707e-44 2.6624670822171524e-44 2.382207389352189e-44 3968 3964
 28.8799991607666 2.5223372357846707e-44 2.6624670822171524e-44 2.382207389352189e-44 3968 3964
 28.899999618530273 2.5223372357846707e-44 2.6624670822171524e-44 2.382207389352189e-44 3968 3964
 28.920000076293945 2.5223372357846707e-44 2.6624670822171524e-44 2.382207389352189e-44 3968 3964
 28.93000030517578 2.5223372357846707e-44 2.6624670822171524e-44 2.382207389352189e-44 3968 3964
 28.93000030517578 2.5223372357846707e-44 2.6624670822171524e-44 2.382207389352189e-44 3966 3964
 28.979999542236328 2.5223372357846707e-44 2.6624670822171524e-44 2.382207389352189e-44 3966 3970
 29.0 2.5223372357846707e-44 2.6624670822171524e-44 2.382207389352189e-44 3966 3970
 29.020000457763672 2.5223372357846707e-44 2.6624670822171524e-44 2.382207389352189e-44 3966 3970
 29.040000915527344 2.5223372357846707e-44 2.6624670822171524e-44 2.382207389352189e-44 3966 3970
 29.040000915527344 2.5223372357846707e-44 2.6624670822171524e-44 2.382207389352189e-44 3966 3970
 29.079999923706055 2.5223372357846707e-44 2.6624670822171524e-44 2.382207389352189e-44 3960 3969
 29.100000381469727 2.5223372357846707e-44 2.6624670822171524e-44 2.382207389352189e-44 3960 3969
 29.1200008392334 2.5223372357846707e-44 2.6624670822171524e-44 2.382207389352189e-44 3960 3969
 29.139999389648438 2.5223372357846707e-44 2.6624670822171524e-44 2.382207389352189e-44 3960 3969
 29.149999618530273 2.5223372357846707e-44 2.6624670822171524e-44 2.382207389352189e-44 3960 3969
 29.149999618530273 2.5223372357846707e-44 2.6624670822171524e-44 2.382207389352189e-44 3960 3969
 29.200000762939453 2.5223372357846707e-44 2.6624670822171524e-44 2.382207389352189e-44 3960 3964
 29.219999313354492 2.5223372357846707e-44 2.6624670822171524e-44 2.382207389352189e-44 3960 3964
 29.239999771118164 2.5223372357846707e-44 2.6624670822171524e-44 2.382207389352189e-44 3960 3964
 29.260000228881836 2.5223372357846707e-44 2.6624670822171524e-44 2.382207389352189e-44 3960 3964
 29.260000228881836 2.5223372357846707e-44 2.6624670822171524e-44 2.382207389352189e-44 3960 3964
 29.299999237060547 2.5223372357846707e-44 2.6624670822171524e-44 2.382207389352189e-44 3968 3965
 29.31999969482422 2.5223372357846707e-44 2.6624670822171524e-44 2.382207389352189e-44 3968 3965
 29.34000015258789 2.5223372357846707e-44 2.6624670822171524e-44 2.382207389352189e-44 3968 3965
 29.360000610351562 2.5223372357846707e-44 2.6624670822171524e-44 2.382207389352189e-44 3968 3965
 29.3700008392334 2.5223372357846707e-44 2.6624670822171524e-44 2.382207389352189e-44 3968 3965
 29.3700008392334 2.5223372357846707e-44 2.6624670822171524e-44 2.382207389352189e-44 3968 3965
 29.420000076293945 2.5223372357846707e-44 2.6624670822171524e-44 2.382207389352189e-44 3968 3971
 29.440000534057617 2.5223372357846707e-44 2.6624670822171524e-44 2.382207389352189e-44 3968 3971
 29.459999084472656 2.5223372357846707e-44 2.6624670822171524e-44 2.382207389352189e-44 3968 3971
 29.479999542236328 2.5223372357846707e-44 2.6624670822171524e-44 2.382207389352189e-44 3968 3971
 29.479999542236328 2.5223372357846707e-44 2.6624670822171524e-44 2.382207389352189e-44 3963 3971
 29.520000457763672 2.5223372357846707e-44 2.6624670822171524e-44 2.382207389352189e-44 3963 3969
 29.540000915527344 2.5223372357846707e-44 2.6624670822171524e-44 2.382207389352189e-44 3963 3969
 29.559999465942383 2.5223372357846707e-44 2.6624670822171524e-44 2.382207389352189e-44 3963 3969
 29.579999923706055 2.5223372357846707e-44 2.6624670822171524e-44 2.382207389352189e-44 3963 3969
 29.59000015258789 2.5223372357846707e-44 2.6624670822171524e-44 2.382207389352189e-44 3963 3969
 29.59000015258789 2.5223372357846707e-44 2.6624670822171524e-44 2.382207389352189e-44 3968 3969
 29.639999389648438 2.5223372357846707e-44 2.6624670822171524e-44 2.382207389352189e-44 3968 3966
 29.65999984741211 2.5223372357846707e-44 2.6624670822171524e-44 2.382207389352189e-44 3968 3966
 29.68000030517578 2.5223372357846707e-44 2.6624670822171524e-44 2.382207389352189e-44 3968 3966
 29.700000762939453 2.5223372357846707e-44 2.6624670822171524e-44 2.382207389352189e-44 3968 3966
 29.700000762939453 2.5223372357846707e-44 2.6624670822171524e-44 2.382207389352189e-44 3968 3966
 29.739999771118164 2.5223372357846707e-44 2.6624670822171524e-44 2.382207389352189e-44 3962 3962
 29.760000228881836 2.5223372357846707e-44 2.6624670822171524e-44 2.382207389352189e-44 3962 3962
 29.780000686645508 2.5223372357846707e-44 2.6624670822171524e-44 2.382207389352189e-44 3962 3962
 29.799999237060547 2.5223372357846707e-44 2.6624670822171524e-44 2.382207389352189e-44 3962 3962
 29.809999465942383 2.5223372357846707e-44 2.6624670822171524e-44 2.382207389352189e-44 3962 3962
 29.809999465942383 2.5223372357846707e-44 2.6624670822171524e-44 2.382207389352189e-44 3963 3962
 29.860000610351562 2.5223372357846707e-44 2.6624670822171524e-44 2.382207389352189e-44 3963 3966
 29.8799991607666 2.5223372357846707e-44 2.6624670822171524e-44 2.382207389352189e-44 3963 3966
 29.899999618530273 2.5223372357846707e-44 2.6624670822171524e-44 2.382207389352189e-44 3963 3966
 29.920000076293945 2.5223372357846707e-44 2.6624670822171524e-44 2.382207389352189e-44 3963 3966
 29.920000076293945 2.5223372357846707e-44 2.6624670822171524e-44 2.382207389352189e-44 3963 3966
 29.959999084472656 2.5223372357846707e-44 2.6624670822171524e-44 2.382207389352189e-44 3963 3972
 29.979999542236328 2.5223372357846707e-44 2.6624670822171524e-44 2.382207389352189e-44 3963 3972
 30.0 2.5223372357846707e-44 2.6624670822171524e-44 2.382207389352189e-44 3963 3972
 30.020000457763672 2.5223372357846707e-44 2.6624670822171524e-44 2.382207389352189e-44 3963 3972
 30.030000686645508 2.5223372357846707e-44 2.6624670822171524e-44 2.382207389352189e-44 3963 3972
 30.030000686645508 2.5223372357846707e-44 2.6624670822171524e-44 2.382207389352189e-44 3970 3972
 30.079999923706055 2.5223372357846707e-44 2.6624670822171524e-44 2.382207389352189e-44 3970 3965
 30.100000381469727 2.5223372357846707e-44 2.6624670822171524e-44 2.382207389352189e-44 3970 3965
 30.1200008392334 2.5223372357846707e-44 2.6624670822171524e-44 2.382207389352189e-44 3970 3965
 30.139999389648438 2.5223372357846707e-44 2.6624670822171524e-44 2.382207389352189e-44 3970 3965
 30.139999389648438 2.5223372357846707e-44 2.6624670822171524e-44 2.382207389352189e-44 3970 3965
 30.18000030517578 2.5223372357846707e-44 2.6624670822171524e-44 2.382207389352189e-44 3965 3963
 30.200000762939453 2.5223372357846707e-44 2.6624670822171524e-44 2.382207389352189e-44 3965 3963
 30.219999313354492 2.5223372357846707e-44 2.6624670822171524e-44 2.382207389352189e-44 3965 3963
 30.239999771118164 2.5223372357846707e-44 2.6624670822171524e-44 2.382207389352189e-44 3965 3963
 30.25 2.5223372357846707e-44 2.6624670822171524e-44 2.382207389352189e-44 3965 3963
 30.25 2.5223372357846707e-44 2.6624670822171524e-44 2.382207389352189e-44 3964 3963
 30.299999237060547 2.5223372357846707e-44 2.6624670822171524e-44 2.382207389352189e-44 3964 3970
 30.31999969482422 2.5223372357846707e-44 2.6624670822171524e-44 2.382207389352189e-44 3964 3970
 30.34000015258789 2.5223372357846707e-44 2.6624670822171524e-44 2.382207389352189e-44 3964 3970
 30.360000610351562 2.5223372357846707e-44 2.6624670822171524e-44 2.382207389352189e-44 3964 3970
 30.360000610351562 2.5223372357846707e-44 2.6624670822171524e-44 2.382207389352189e-44 3964 3970
 30.399999618530273 2.5223372357846707e-44 2.6624670822171524e-44 2.382207389352189e-44 3963 3971
 30.420000076293945 2.5223372357846707e-44 2.6624670822171524e-44 2.382207389352189e-44 3963 3971
 30.440000534057617 2.5223372357846707e-44 2.6624670822171524e-44 2.382207389352189e-44 3963 3971
 30.459999084472656 2.5223372357846707e-44 2.6624670822171524e-44 2.382207389352189e-44 3963 3971
 30.469999313354492 2.5223372357846707e-44 2.6624670822171524e-44 2.382207389352189e-44 3963 3971
 30.469999313354492 2.5223372357846707e-44 2.6624670822171524e-44 2.382207389352189e-44 3964 3971
 30.520000457763672 2.5223372357846707e-44 2.6624670822171524e-44 2.382207389352189e-44 3964 3966
 30.540000915527344 2.5223372357846707e-44 2.6624670822171524e-44 2.382207389352189e-44 3964 3966
 30.559999465942383 2.5223372357846707e-44 2.6624670822171524e-44 2.382207389352189e-44 3964 3966
 30.579999923706055 2.5223372357846707e-44 2.6624670822171524e-44 2.382207389352189e-44 3964 3966
 30.579999923706055 2.5223372357846707e-44 2.6624670822171524e-44 2.382207389352189e-44 3964 3966
 30.6200008392334 2.5223372357846707e-44 2.6624670822171524e-44 2.382207389352189e-44 3961 3967
 30.639999389648438 2.5223372357846707e-44 2.6624670822171524e-44 2.382207389352189e-44 3961 3967
 30.65999984741211 2.5223372357846707e-44 2.6624670822171524e-44 2.382207389352189e-44 3961 3967
 30.68000030517578 2.5223372357846707e-44 2.6624670822171524e-44 2.382207389352189e-44 3961 3967
 30.690000534057617 2.5223372357846707e-44 2.6624670822171524e-44 2.382207389352189e-44 3961 3967
 30.690000534057617 2.5223372357846707e-44 2.6624670822171524e-44 2.382207389352189e-44 3964 3967
 30.739999771118164 2.5223372357846707e-44 2.6624670822171524e-44 2.382207389352189e-44 3964 3967
 30.760000228881836 2.5223372357846707e-44 2.6624670822171524e-44 2.382207389352189e-44 3964 3967
 30.780000686645508 2.5223372357846707e-44 2.6624670822171524e-44 2.382207389352189e-44 3964 3967
 30.799999237060547 2.5223372357846707e-44 2.6624670822171524e-44 2.382207389352189e-44 3964 3967
 30.799999237060547 2.5223372357846707e-44 2.6624670822171524e-44 2.382207389352189e-44 3964 3967
 30.84000015258789 2.5223372357846707e-44 2.6624670822171524e-44 2.382207389352189e-44 3963 3971
 30.860000610351562 2.5223372357846707e-44 2.6624670822171524e-44 2.382207389352189e-44 3963 3971
 30.8799991607666 2.5223372357846707e-44 2.6624670822171524e-44 2.382207389352189e-44 3963 3971
 30.899999618530273 2.5223372357846707e-44 2.6624670822171524e-44 2.382207389352189e-44 3963 3971
 30.90999984741211 2.5223372357846707e-44 2.6624670822171524e-44 2.382207389352189e-44 3963 3971
 30.90999984741211 2.5223372357846707e-44 2.6624670822171524e-44 2.382207389352189e-44 3965 3971
 30.959999084472656 2.5223372357846707e-44 2.6624670822171524e-44 2.382207389352189e-44 3965 3967
 30.979999542236328 2.5223372357846707e-44 2.6624670822171524e-44 2.382207389352189e-44 3965 3967
 31.0 2.5223372357846707e-44 2.6624670822171524e-44 2.382207389352189e-44 3965 3967
 31.020000457763672 2.5223372357846707e-44 2.6624670822171524e-44 2.382207389352189e-44 3965 3967
 31.020000457763672 2.5223372357846707e-44 2.6624670822171524e-44 2.382207389352189e-44 3965 3967
 31.059999465942383 2.5223372357846707e-44 2.6624670822171524e-44 2.382207389352189e-44 3966 3966
